26.92306,0.0659897041353169,0.0810325873353117,0.952783463754455,0
0.01656782,0.0234406919223348,0.0287063987985052,0.0716405173712018,0.736268312553647
0.03313272,0.0247323892314557,0.0281728649627763,0.0702321923576751,0.736572006343018
0.05026545,0.0251362410665458,0.0288582945524486,0.0688852201170173,0.736902978017661
0.06626739,0.0272450704933593,0.0299519439808461,0.0678003915422417,0.737715858998793
0.08283374,0.026781505157361,0.0314025484310124,0.0668103808891696,0.739441639873722
0.09940059,0.0264656521657144,0.03224936725925,0.0667601831659144,0.740956471769208
0.1159672,0.0278940619637572,0.0317614021497048,0.0635252187784102,0.741765715698969
0.1328422,0.0269763597392722,0.032980365575106,0.0599974343385899,0.742920479508853
0.1492964,0.0283953410898032,0.0356860086922351,0.0569716271313117,0.745406404120052
0.1663285,0.0292093303916581,0.0358473979308005,0.052768962189959,0.747026710505259
0.1823789,0.0289673335721874,0.0360011923816685,0.0483515625435746,0.748947073628468
0.199251,0.0278217771994994,0.0367910503021776,0.0448182005789475,0.749930896023975
0.2153656,0.0278170629757436,0.0347328628362361,0.0416194901026827,0.750414623856148
0.2321311,0.0286986228181003,0.0334835202600461,0.0380582405140252,0.751358438686588
0.2485397,0.0280559169793772,0.031281031827857,0.0348929951865963,0.753044211996451
0.2650661,0.0275609234850059,0.0299500452839215,0.0314711837180895,0.754098956893667
0.2816334,0.0252305255416641,0.0286874118292621,0.0290867918635066,0.754988215953562
0.2981986,0.0237895444802726,0.0250096358868907,0.0264848765414887,0.755286454165878
0.3147669,0.0234799771203007,0.0234584004997377,0.0242510778566689,0.756088423992901
0.331332,0.0248203880748999,0.0218843807494923,0.0226949484357837,0.756750367342188
0.3478984,0.0270156449372381,0.0208078195934133,0.0209965921323432,0.75787421621543
0.3644665,0.0306141690709208,0.0211135097982255,0.0198141568734631,0.759358133174273
0.3810333,0.0337114140785581,0.0201451743668325,0.0185229598808648,0.76110937340879
0.3975999,0.0365415197400264,0.019455947383311,0.0176221896246882,0.762205944396759
0.4141658,0.0401746148479191,0.0192755711755025,0.0166656441204522,0.763042466211793
0.4307319,0.0424060140923861,0.0196249314095738,0.015176444997239,0.763744417126148
0.4473,0.0446829841664938,0.0189603874860684,0.0154971526735866,0.763993555144973
0.4638714,0.0467493855795037,0.019890748978976,0.0155557166840508,0.764577301889812
0.4806592,0.0471548088225127,0.0197825232542909,0.0149951754410433,0.765291982483961
0.4972536,0.0470149535177538,0.0190192470907215,0.0136231043387572,0.766221249108923
0.5135671,0.0465309598788131,0.0188027956413513,0.0132075787407073,0.766474024179118
0.5302698,0.0451874061083769,0.018280653987169,0.0121283276907372,0.76644129071679
0.5466989,0.0444378445311861,0.0171604228018317,0.0119972558577955,0.764577301889812
0.5632669,0.0443184175293696,0.0172553576480465,0.0141501804329275,0.76352073846691
0.58017,0.043757424902416,0.0173370016157911,0.0144513667724538,0.762613294150166
0.5964001,0.0432640028159628,0.0152788141498496,0.0155194627728114,0.761834965157048
0.6129675,0.0432372888813464,0.0140902298752373,0.0165624599115408,0.760745668271819
0.6295334,0.0405957521701145,0.014684522012543,0.0180237714107236,0.760216477297525
0.6461005,0.0408204635024799,0.0152560297867574,0.0195687457819976,0.760403785443066
0.6626656,0.0411708874683365,0.0151667910313154,0.019889453458344,0.75945451503557
0.6792332,0.0413437423393865,0.0144927536231888,0.0204304733645301,0.759696378951656
0.6959627,0.040746607330304,0.0133725224378516,0.020603376633518,0.759330855289
0.7124885,0.0397613345653172,0.0129775934775966,0.0223045216993607,0.759014431819835
0.728932,0.0400960444519873,0.010915608617806,0.0241702037469811,0.758794390211967
0.7454986,0.0396749071297919,0.0103327086620451,0.0246749697419278,0.758556163347252
0.7620667,0.0399907601214385,0.0108168763777421,0.0246693922171222,0.758934416689701
0.7786343,0.0396104794051278,0.00919159181054102,0.0258462499511968,0.758145176542474
0.7952043,0.0401180441628486,0.00935677844295468,0.0261613801027388,0.757997875962
0.8121307,0.0404401827861692,0.00993588100486644,0.0268195280298509,0.75736502902367
0.8283324,0.0417051661606737,0.0105643496868102,0.0277370308604454,0.75781056781646
0.8449,0.0427171528602768,0.0115250903305066,0.0273326603120066,0.758772567903749
0.8614673,0.0423698717102573,0.0108719385885469,0.028107936260047,0.758536159564718
0.8780336,0.042404442684468,0.0117966039906817,0.0285429831949183,0.758370673727396
0.8946,0.0430282916281675,0.0121459642247529,0.0292178636964496,0.758688915722246
0.911168,0.0430534341548658,0.0119257153815336,0.0305369483130783,0.758994428037302
0.9280331,0.0422158737342308,0.0127117759081944,0.0285680820565453,0.759225380799279
0.944299,0.0423541576310715,0.014052255936751,0.0291899760724192,0.759452696509885
0.9608673,0.0420980181403331,0.0135472025548872,0.0297728274146503,0.759634549078371
0.9774318,0.0408063208312123,0.0141490894798904,0.0300182385061157,0.759343584968794
0.9940003,0.0398116196187137,0.0141338999044955,0.0312257726266241,0.759027161499629
1.010655,0.0405847523146839,0.0135794804025998,0.0296584881561265,0.758790753160598
1.027134,0.0409823185180993,0.0142307334476349,0.0301270002398339,0.759578174782141
1.0437,0.0416061674617988,0.0153072946037139,0.0287800279991748,0.759294484775303
1.060266,0.0414018844323759,0.0141035207537067,0.0301632541510733,0.759481792920843
1.076833,0.0407953209757816,0.0151819806067102,0.0305369483130783,0.759674556643438
1.093399,0.0405391814850433,0.0145231327739777,0.0306206111851682,0.759378136956806
1.109967,0.0405281816296127,0.0144073122615951,0.0301911417751037,0.759056257910587
1.126532,0.0394423387578337,0.0154952655992198,0.0271430244686019,0.759345403494479
1.1431,0.0391531997008042,0.0147376855264233,0.0287549291375478,0.758530703987663
1.159667,0.0401966145587803,0.0151914740913314,0.0293043153309429,0.756803104587049
1.176233,0.0404668967207863,0.0145326262585988,0.0303640450440903,0.75526463185766
1.192801,0.0412981715097459,0.0149978070050526,0.0306875414828414,0.754993671530617
1.209366,0.041898449334666,0.0159870281026133,0.0315911005014201,0.754224435165922
1.225935,0.0420838754690655,0.015726906623984,0.0317640037704068,0.753073308407408
1.2425,0.0421514460095667,0.0149883135204315,0.0325448572432528,0.752491380188254
1.259067,0.0427721521374292,0.0137826409735005,0.0318169902560642,0.752660503076946
1.275692,0.0433048594218475,0.0148402151603355,0.0327679582354947,0.75171486972082
1.292441,0.0441769908166925,0.014773760767985,0.0319396958017969,0.750420079433202
1.308766,0.0436521405718671,0.0163287935489872,0.0328739312068094,0.750336427251698
1.325334,0.0435625703205047,0.0176635774867709,0.0352806331606159,0.749205304275718
1.341899,0.0475508036180099,0.018848364367535,0.0388558265612892,0.750110930066776
1.358467,0.0581986636747061,0.0208514896226725,0.0507275881109485,0.752173138193404
1.375034,0.0721826227426726,0.0233957435012354,0.0637260096714285,0.752738699681394
1.3916,0.0989798419792201,0.0389650582805024,0.0886826444160611,0.753307898220755
1.408209,0.14089714820891,0.0733542569734392,0.129610521442795,0.751111119193448
1.424733,0.194648727473867,0.130015170588425,0.205353308308839,0.743113243231447
1.441301,0.238007014764949,0.183953352813964,0.289880696744399,0.726997468612247
1.457866,0.261510563004029,0.229440435029439,0.365138238952318,0.71642456028049
1.474435,0.286693946308135,0.30732498286426,0.464027753763435,0.707255553777442
1.491405,0.311544191133488,0.385519018297742,0.521551555850545,0.700456086241763
1.507728,0.352518652611994,0.477865940604963,0.562409713817202,0.695178724704308
1.524744,0.406740082844625,0.552452451882273,0.546781489310674,0.698895791204155
1.540928,0.440049216496012,0.606132411326107,0.501112716198805,0.705620699186756
1.557268,0.448000540564324,0.64538037544833,0.435769224333625,0.715460741667516
1.573832,0.435268993607513,0.643555727704076,0.390278932015551,0.722323857602165
1.590402,0.413033571558774,0.617796106532087,0.346180232136583,0.729867102142951
1.607099,0.390296870383989,0.590483351276019,0.316530110267665,0.740323624830877
1.623535,0.373248665874677,0.559004854968036,0.289916950655638,0.759212651119485
1.640101,0.385310793058149,0.538981197204359,0.291874661862559,0.778920013966277
1.656758,0.39596493874652,0.533843323327201,0.32315342097484,0.785692203616684
1.673235,0.391013432394888,0.538020456560662,0.435911451216179,0.774190028659965
1.689801,0.38085270879297,0.545005762545165,0.528771661711966,0.767545135807499
1.706366,0.376328625395209,0.583790444617859,0.619180550055497,0.756774008176092
1.72339,0.379465155600812,0.628031981650993,0.669933237028072,0.747072173647381
1.739499,0.380973707202705,0.644110147205973,0.674755007222894,0.740938286512359
1.756068,0.380642140131873,0.658619989101479,0.635570106698049,0.736573824868702
1.772635,0.367458027694493,0.66303066205663,0.587759564060661,0.733167726260966
1.789202,0.345558886940343,0.647717671362144,0.526677301147297,0.731440126860352
1.805768,0.327025701947917,0.611648125891201,0.471880908690342,0.732062062644573
1.822761,0.319200090513096,0.576814632117977,0.432489639747673,0.735991896649548
1.838901,0.320317361543248,0.532652840355664,0.383044882342114,0.747288578203879
1.855469,0.326378281885438,0.499307924971093,0.345892989609071,0.760463796790666
1.872035,0.336127296612673,0.457580262665732,0.300899096998734,0.779560135007347
1.888661,0.343896337362423,0.424119526768779,0.266823209196223,0.794168351833802
1.905168,0.351561665189544,0.383872848064374,0.228154229715937,0.810511442163609
1.921735,0.359528703337042,0.346045109241528,0.193489913046388,0.823517537861705
1.938317,0.365501624835788,0.317236180809111,0.169322498061811,0.833084801489736
1.95488,0.370154563682877,0.285150101485351,0.146072585907826,0.843914121943059
1.971432,0.369042006876481,0.260611342435686,0.128944007228472,0.851142761540365
1.988,0.366065760278579,0.233306181967316,0.107556988359706,0.858906047689018
2.004568,0.357817440113645,0.207726937003135,0.0884260782749833,0.86502902366993
2.021135,0.353199072240765,0.1893551455636,0.0763089056338585,0.869882668722813
2.037701,0.347615859905841,0.168342266702363,0.0639351668516545,0.872430423207297
2.054348,0.341492083246906,0.149761618601154,0.0540490041329461,0.875163667311637
2.071064,0.335369877995889,0.134913808653121,0.0439815718580408,0.876996741201973
2.087399,0.32915810249351,0.120633709085455,0.0360280214846259,0.87855703623958
2.104276,0.323777601780091,0.112268050436985,0.0299234205844134,0.879724529729258
2.120534,0.317952392625697,0.102212551525888,0.0224997350675722,0.880881112064827
2.137101,0.312916030246459,0.0948702905196162,0.0179456860634393,0.882359573446616
2.153668,0.307626671192322,0.08719006146082,0.0122147793252318,0.882646900504823
2.170233,0.304970991809822,0.0817009286526663,0.00724799348545107,0.883392496035614
2.186801,0.302392311415336,0.0772313960928621,0.00363096864873282,0.884583630359196
2.203585,0.300462622491247,0.0710853141488996,0.00307600493053214,0.885069176717052
2.220074,0.298845643742968,0.0666955268599163,0.00158401704491553,0.885505622881418
2.236723,0.296017109489418,0.0619222027922237,0.000482455895723156,0.884820038698227
2.253635,0.288477494295789,0.0597728778739157,5.01977232551984e-05,0.884272662467084
2.270122,0.276000515421797,0.0554571397649795,0,0.88275055646886
2.28621,0.262219267975335,0.050712296151152,0.00150872046003459,0.878356998414246
2.302767,0.249652718849981,0.0481718396664374,0.00256008388597301,0.874909073715757
2.319334,0.234601773805259,0.043920657252928,0.00215571333753544,0.869024324599561
2.3359,0.221114379639582,0.0410878014418706,0.00232025031931314,0.864530747632279
2.352468,0.203502039687479,0.0379169775782885,0.00266605685728775,0.85804224798871
2.369034,0.183051737034313,0.0339923710357581,0.00221985487280522,0.851490099946171
2.385601,0.1687519249747,0.0306563605397615,0.00474089608513543,0.84637458719467
2.402167,0.151917431942323,0.0268475745096145,0.00786988750132494,0.840957199179482
2.418733,0.138029328757394,0.0237299141599127,0.00735396645676581,0.837594745188181
2.435301,0.119651713148913,0.0194977187156456,0.00874834765827667,0.833263017006852
2.451866,0.107534586688289,0.0165794215429954,0.00980528860902191,0.829184063895718
2.468879,0.0978484282777997,0.0157781714409406,0.0106921150531814,0.826659950245137
2.485013,0.0870198563104599,0.0145573093186148,0.0122398781868588,0.823993991591138
2.501566,0.0783001137699336,0.0139725106659302,0.0136119492891448,0.822064535839504
2.518137,0.0680576769562456,0.0124364648541711,0.0156338020313351,0.820049609380683
2.535487,0.0615269056463828,0.0120928007108727,0.015948932182876,0.818542051587937
2.551538,0.0558714085472019,0.0112782597303476,0.0175664143766287,0.818067416384189
2.567834,0.0496957754269515,0.011751035264498,0.0205308688110393,0.817690981567423
2.584399,0.0466299585776872,0.0114852176950958,0.0226001305140801,0.816998123281493
2.601319,0.0425961544505415,0.011439648968913,0.0248562392981247,0.816257983327756
2.617697,0.0412463150484312,0.0112440831857096,0.0240391319140394,0.816259801853441
2.634101,0.0380390714864892,0.0106137158068421,0.0237992983473795,0.815095945415134
2.650667,0.0357023879114733,0.0116333160551917,0.0251211717264116,0.814610399057277
2.667308,0.0365022345420606,0.013025060900704,0.0250626077159486,0.81481771098535
2.683799,0.0374623647803484,0.0153300789668053,0.026206000301186,0.814915911372333
2.700366,0.0389473452634623,0.0163306922459118,0.0268139505050453,0.815616043761003
2.716934,0.0426825818860668,0.0186888738258934,0.0268753032779116,0.817143605336282
2.7335,0.0449281238018015,0.0187496321274711,0.0274023793720819,0.817558229192429
2.750216,0.0473229494698068,0.0191749402385149,0.0282390080929887,0.818778459926968
2.766632,0.0485030768167048,0.0179123067838545,0.027310350212783,0.821382588707683
2.783504,0.0455629726009317,0.0163249961551389,0.0249594235070361,0.823621193825742
2.800424,0.0421765885362649,0.0155788082638889,0.0229431482896526,0.824001265693877
2.816333,0.0374246509903014,0.0143712370200334,0.0204444171765459,0.822257299562099
2.832959,0.0339644107534587,0.0138225136089105,0.0193261234529343,0.821555348647745
2.849465,0.0299431778896624,0.0117396430829523,0.0172903268987294,0.821215284344676
2.866056,0.0268427900661881,0.0114928124827932,0.0157202536658285,0.821177095305294
2.8826,0.022992840665523,0.00970613867702596,0.0142198994930029,0.820844305104966
2.899165,0.0175557692670328,0.00967575952623712,0.0129761114612564,0.820817027219692
2.915733,0.0136586776288082,0.00759288900027969,0.0126498262601019,0.820036879700889
2.932298,0.00717661996442365,0.00741251279247119,0.0123737387822039,0.819334928786534
2.948866,0.00448165538395758,0.0065410109042167,0.0121785254139924,0.818983953329357
2.965435,0.00247339606393774,0.00496699115397136,0.0127753205682381,0.816874463534923
2.981997,0.00211982928224414,0.00385625345325525,0.0141836455817635,0.816772626096571
2.998567,0,0.0021740079783248,0.014378858949975,0.814524928350088
3.015133,0.000372423676717808,0.000696821771218846,0.0138573603806103,0.814119397122365
3.0317,0.00253468097276414,0.00114681294227781,0.0118661840248538,0.813837525641212
3.048372,0.00790418183075322,0.000837325343617355,0.0125354870015782,0.814539476555567
3.064832,0.0123638375038503,0.000719606134310268,0.0147330317751586,0.81475406258638
3.081399,0.0185378992161818,0,0.015092782125149,0.81431579789633
3.097965,0.0244668212932056,0.000497458594167215,0.0161608781255054,0.814524928350088
3.114635,0.0347171151464865,0.00190629171199806,0.0176751761103456,0.814615854634331
3.1311,0.0483742213673765,0.00362081503464192,0.019864354596717,0.814743151432271
3.147666,0.0581059506075067,0.00263159393708119,0.0212224818869885,0.814390357449409
3.164305,0.0723539062058044,0.0067061975366312,0.0233781952245239,0.815943378384277
3.180799,0.0793466714437468,0.00705365907377792,0.0251183829640082,0.815996115629138
3.197367,0.0844537471793228,0.00918019962899531,0.0262757193612626,0.816941748985263
3.213933,0.089309397647917,0.00937766410912238,0.0256482478205819,0.817221801940731
3.230644,0.0912249439007375,0.0104751109313682,0.0262924519356806,0.817081775462997
3.247066,0.093710911228024,0.009937779701791,0.0272629412519312,0.816859915329444
3.263633,0.0955243159661333,0.00934538626140897,0.0285597157693363,0.816776263147941
3.280199,0.0974838616406755,0.0105605522929619,0.0299736183076674,0.816567132694182
3.296766,0.099195124864073,0.0100289171541575,0.0304226090545545,0.816916289625675
3.313336,0.100823103467783,0.0105320718390968,0.0313568444595658,0.817370921046889
3.33112,0.102949218381701,0.0110428213117343,0.0300126609813101,0.817061771680463
3.348387,0.105048619361003,0.0114130672119724,0.0309943053471732,0.816954478665057
3.364256,0.10745287347652,0.0123852000372146,0.0305118494514501,0.818261998632469
3.380821,0.109935697987969,0.0136744152488154,0.0314349298068502,0.818514773702664
3.397701,0.115539338625835,0.0143085800215312,0.0319090194153643,0.820920683183729
3.413956,0.119368859723558,0.0148554047357304,0.0326703515513889,0.821444418580968
3.430525,0.124216653152559,0.0164313231829003,0.0319062306529609,0.82364301613396
3.447093,0.131001992545241,0.0177357279698943,0.032846043582779,0.825032369757191
3.463654,0.138202183628444,0.0199287229174623,0.033651995917252,0.826258056068784
3.480222,0.145711942071618,0.0225793038237857,0.0333786972017561,0.826669042873562
3.496886,0.157924924415279,0.0251273550961978,0.0341121417137503,0.827116400192036
3.513355,0.165890391154859,0.0277019881255496,0.0346224852335039,0.825872528623594
3.529923,0.176112399665604,0.0295095475974837,0.0351774489517045,0.823863057741828
3.546489,0.181951751491266,0.0310285051369251,0.0347535570664456,0.822961069002139
3.563055,0.183634729372128,0.0307740797490686,0.0344551594893215,0.821893594425128
3.579622,0.181030906450944,0.0316759607881111,0.0334344724498169,0.820929775812154
3.596189,0.174561420049908,0.0301987745810052,0.0340229013168536,0.819289465644413
3.612755,0.161360022125424,0.0290386707602579,0.0346643166695488,0.81564150312059
3.62932,0.148606475457751,0.0268399797219171,0.0351133074164348,0.812584561444346
3.645888,0.134550231625527,0.0250646980976956,0.0355985520745601,0.807814568572967
3.662453,0.119441144487815,0.0219793155957071,0.0367586772342167,0.804199339511472
3.679021,0.107930581483786,0.0200217590667525,0.0369650456520406,0.80142790636775
3.695588,0.09208764684807,0.0181534412932407,0.0388390939868712,0.797205289727512
3.712205,0.0809840784949684,0.0182768565933207,0.0372801758035826,0.79469208723104
3.728723,0.0685998126881764,0.01712434756027,0.0390147860182613,0.791949750498276
3.745293,0.0602037801788889,0.0151705884251637,0.0405876480135644,0.790038480003492
3.762221,0.0520701727920152,0.0139687132720819,0.0426652760038155,0.789511107554883
3.77842,0.0428145801512321,0.0135073299194764,0.0451891059785491,0.788996464786069
3.794988,0.0369343717196859,0.0130231622037794,0.0476292730811928,0.787936264311797
3.81156,0.0289406196375703,0.0131997410177396,0.0495005326536188,0.788219954318635
3.828571,0.0235349763974531,0.0133288524085924,0.0515670055942575,0.788612755866564
3.844688,0.0203355898751046,0.0129016456006249,0.0516729785655722,0.788159942971035
3.861578,0.0169083492045531,0.0136630230672689,0.0529753306077829,0.788410899515545
3.877821,0.0148718045419973,0.0136839087334366,0.051321594502792,0.788991009209014
3.895238,0.0144758097465008,0.0147718620710613,0.0495200539904402,0.789625674673029
3.910953,0.0168360644402961,0.0158028545009566,0.0482623221466778,0.790065757888765
3.927521,0.0223517062347181,0.0166439772384214,0.0460564110858884,0.791029576501739
3.944301,0.0297656087948559,0.0195584770172233,0.0434238193774367,0.793942854648879
3.960654,0.0353221071951626,0.0211628759182575,0.042054537037554,0.795975966364549
3.977266,0.0417915935961983,0.0212635068552452,0.0415609260922185,0.798190930648705
3.994,0.0491017832337061,0.0231754946580169,0.0412402184158721,0.799734858955148
4.010355,0.0554424141854136,0.0229723340871162,0.04325091610845,0.800873256033868
4.02692,0.0635068796238681,0.0249450801914648,0.0465277119319992,0.801355165340356
4.043488,0.0692425185268995,0.027003267657407,0.0488144971024764,0.801477006561241
4.060103,0.0753851520808588,0.0279032499995258,0.051304861928374,0.801871626634854
4.076624,0.078358255862923,0.0285165291060747,0.0530422609054561,0.80090780802188
4.093189,0.0827833405618101,0.0286342483153818,0.0549358305771068,0.800884167187977
4.109931,0.0850037399508465,0.0286114639522895,0.0562577039561389,0.799487539462007
4.126322,0.0875745633057395,0.0287139935862018,0.0577943120402027,0.796552439006649
4.142888,0.0902412425436696,0.0293557531466158,0.0605440317695816,0.7919588431267
4.159593,0.0906356659312479,0.0292836026634924,0.0627973517912228,0.788474547914515
4.17602,0.0915360826686282,0.0277323672763385,0.066464574351195,0.785070267832463
4.192588,0.0905225245611062,0.0279772991795729,0.069640974728235,0.78161688755692
4.209155,0.0918975064899147,0.02821843368896,0.070837353799131,0.779694705908026
4.225722,0.0921363604935477,0.0284102020783142,0.0702182485456605,0.778589042291633
4.242288,0.0923139295883543,0.0289323437324965,0.0713365422692721,0.778208970423498
4.258855,0.0911479449127239,0.030550033512001,0.0706477179557263,0.777250607387579
4.275422,0.0891915420540187,0.0302747224579777,0.0685645124406697,0.777537934445786
4.291988,0.0844851753376958,0.0301418136732766,0.0659737521682628,0.777219692450936
4.308553,0.0799862344666328,0.0305975009351084,0.0613388290544421,0.776417722623915
4.325611,0.0766077074415596,0.0297962508330536,0.0587257586828118,0.776286788774605
4.342007,0.0719437687390396,0.0297316951376276,0.0558784322693283,0.776163129028034
4.358255,0.0699307951952632,0.0296006850498503,0.0538928334383774,0.775050191308902
4.374897,0.0671116893892254,0.030115231916336,0.0501977232543748,0.774586467259264
4.391388,0.0643224403336411,0.0304740856350293,0.0488646948257303,0.775193854838006
4.408153,0.0627384611516538,0.0314044471279361,0.0466225298537015,0.775208403043484
4.424733,0.0613241940248787,0.0322189881084612,0.0462934558901449,0.775701223504081
4.441088,0.0601000672562589,0.0334436476246352,0.0454066294459842,0.776183132810568
4.457653,0.0573108182006753,0.0318069708758885,0.0428911657584595,0.776055836012628
4.474222,0.0556451258069177,0.0303145950933877,0.0415832361914433,0.776465004291721
4.490788,0.0530130175431983,0.0306981318720961,0.0410840477213021,0.775752142223257
4.507355,0.0503227671864888,0.0300013101008781,0.0422581166929745,0.776215866272895
4.523921,0.0490153557981807,0.0281291949335172,0.0442688143855524,0.776110391783174
4.540486,0.045988824146883,0.0299101726485116,0.0474033833265475,0.777019654625602
4.557055,0.0430000062856316,0.0303810494857382,0.0493527282462591,0.776775972183831
4.573622,0.0381600698962245,0.0308177497783277,0.0494754337919918,0.776019465498931
4.590186,0.0335039882332974,0.0306582592366861,0.0503232175625097,0.776399537367066
4.606894,0.0291056174690274,0.0303867455765111,0.0489734565594485,0.776799613017734
4.623449,0.0222464219041692,0.0297525808037945,0.0483153086323352,0.776039469281465
4.639925,0.0191821764628238,0.0296348615944882,0.0471970149087236,0.773868149613745
4.656455,0.0168847780857737,0.030663955327459,0.047598596694759,0.770423861966626
4.673021,0.0158005066219128,0.0294525866897552,0.0502618647896433,0.76650130206439
4.689586,0.0157077935547135,0.0288488010678274,0.052119180550056,0.761764042655338
4.706335,0.0178590509953299,0.0300070061916509,0.0549302530523013,0.756466677335351
4.722722,0.0211762931115767,0.0292741091788712,0.0578500872882634,0.752365901915999
4.739336,0.0255935207708701,0.028193750628944,0.059807798495184,0.747414056476134
4.755885,0.029798608361147,0.0298627052254041,0.0613806604904871,0.74435347774852
4.772419,0.0317471541802593,0.0297886560453562,0.0636228254625159,0.741016483116807
4.789122,0.0343352630222576,0.0281481819027603,0.0663139811814319,0.737635843868659
4.805802,0.0348349707403848,0.0292722104819467,0.0663558126174768,0.735728210425244
4.822199,0.0369595142463842,0.0292646156942493,0.0671087784662924,0.734122452245516
4.838688,0.0380453571181639,0.0286494378907758,0.0654829299853307,0.732585798041812
4.855255,0.0401321868341162,0.0282753945966885,0.0656195793430792,0.730910935886058
4.871881,0.0423290151043732,0.0284747577737402,0.0657367073640064,0.729970758106988
4.888386,0.0414395982224236,0.0279336291503147,0.0658175814736941,0.729439748607009
4.904955,0.0421200178511944,0.0270754181405304,0.0659068218705909,0.728210425244046
4.921525,0.0422865870905696,0.024711540469776,0.0652207863194472,0.727635771127631
4.938344,0.0415150258025183,0.0237887737645658,0.0638180388307274,0.727172047077993
4.955396,0.0404637539049486,0.0240526926370434,0.0641917329927324,0.726808341941022
4.971684,0.03892691696052,0.0234982731351476,0.0620639072792274,0.727170228552308
4.988164,0.0395727656150808,0.0238039633399598,0.0611324606366195,0.726773789953009
5.00445,0.037196796842099,0.0232457464442158,0.0601424499835462,0.727106580153338
5.020923,0.035369249432722,0.0241077548478483,0.0578110446146207,0.728277710694386
5.038269,0.0348475420037336,0.0251558355500621,0.0579895254084142,0.72898329866011
5.054053,0.0342378357313017,0.0241533235740311,0.0591859044793101,0.72993438759329
5.070622,0.0328958533687843,0.0249033088591302,0.0578221996642331,0.730690894278191
5.087278,0.0313134455947151,0.0258450625335835,0.0556134998410402,0.732180266814089
5.103755,0.0286074811588191,0.0263387237339016,0.0523924792655518,0.733660546721562
5.120321,0.0266023646546363,0.0260596152860292,0.0508084622206363,0.736893885389238
5.137187,0.0308593087062285,0.0286855131323375,0.0490766407683598,0.744451678135502
5.153458,0.0452644050963905,0.0308899002614511,0.0475930191699534,0.75603204969667
5.170021,0.0662364151785434,0.0317462125743108,0.0465583883184318,0.767128693425666
5.186587,0.0994968351844519,0.0335518733493203,0.045428939545209,0.780642157789837
5.203156,0.127241613395938,0.0340379397619418,0.0446425085475574,0.792046132359574
5.219722,0.161207595557315,0.0350328569502754,0.0429469410065203,0.805637793328193
5.236714,0.18721125379495,0.0348448859547695,0.0424421750115736,0.815168686442527
5.252918,0.216189587222568,0.0362119477402658,0.0403673357837259,0.82543244540786
5.269421,0.242421099608405,0.0352246253396296,0.0401135584050515,0.834259569082154
5.286454,0.266249929286643,0.0349626051640766,0.0391319140391884,0.841888284330128
5.302553,0.286269666170101,0.0347214706546896,0.0375451082318695,0.847893056141525
5.319121,0.302532166720094,0.0323025307731303,0.0376901238768258,0.852566667151607
5.335687,0.312394322817472,0.0329822642720306,0.0377905193233349,0.855689075752506
5.352255,0.321442489612993,0.0335556707431695,0.0370626523361463,0.857673087274685
5.368821,0.326832418773925,0.0334721280785003,0.0356850037090547,0.858651454093138
5.385388,0.330789223913057,0.0323518968931623,0.0352555342989889,0.859718928670149
5.401955,0.330143375258497,0.0314329275818012,0.0348706850873727,0.86046452420094
5.41852,0.326403424412136,0.0316569738188688,0.0338416317606579,0.860233571438963
5.43518,0.320570358218149,0.0324354395578314,0.0336715172540734,0.860048081819108
5.451655,0.313929588353981,0.0352265240365542,0.0334456274994281,0.859215197055443
5.468276,0.304919135348507,0.0349645038610003,0.0317807363448248,0.85811680754179
5.484787,0.297784943397887,0.0347670393808732,0.0301465215766553,0.856960225206221
5.501356,0.28801550036771,0.0345676762038216,0.0289501425057593,0.85569816838093
5.517922,0.279694895438517,0.0339126257649382,0.0256036276221335,0.854614327072756
5.534489,0.273679545925968,0.0349588077702275,0.0238913275066797,0.853857820387856
5.551056,0.265593080776653,0.0347822289562672,0.0220256454590581,0.853034028252615
5.567623,0.259338877260471,0.0351258930995657,0.0215599221377541,0.85087180121332
5.584189,0.252808105950608,0.033236689659887,0.0215738659497687,0.84947517348735
5.600755,0.247616174187425,0.0337740208894642,0.0211360302524952,0.848842326549021
5.617321,0.241369827710836,0.0326101196748678,0.0204695160381729,0.848260398329866
5.633889,0.236045897682487,0.0327354336718715,0.0190862898862745,0.848227664867539
5.650456,0.23097496432904,0.0339012335833916,0.0181213780948294,0.848205842559321
5.667023,0.224455192874608,0.0349493142856063,0.0186205665649705,0.849238765148319
5.683589,0.219261689703507,0.0336544029832326,0.0166851654572736,0.851153672694474
5.700155,0.216159730472114,0.0330278329982134,0.0173656234836104,0.853281347745755
5.716722,0.214423324722018,0.0330601108459268,0.0179484748258415,0.855636338507645
5.733288,0.213205483585073,0.0330828952090182,0.0203133453436042,0.857909495613716
5.749856,0.216340442382757,0.0336259225293683,0.0204806710877853,0.861168293640979
5.767258,0.220338104127775,0.034689192806977,0.0209547606962982,0.864345258012424
5.782988,0.226474452050059,0.0345183100837896,0.0218443759028624,0.868205988041375
5.799555,0.234395919367917,0.0338195896156471,0.0242036688958171,0.87150661215939
5.816199,0.242144531814725,0.0332177026906439,0.0250151987550969,0.874043455489766
5.832689,0.250529564468581,0.0315810259418963,0.026928289763569,0.876051107845847
5.849255,0.257302332597915,0.0318069708758885,0.0282139092313617,0.877007652356082
5.865822,0.266612924515849,0.0314917871864543,0.0304393416289725,0.878549762136841
5.882389,0.272482133091965,0.0317101373327491,0.0314181972324322,0.879749989088846
5.898954,0.28500153997976,0.0330183395135923,0.0324277292223256,0.88040647686108
5.916016,0.296128679451642,0.0324829069809396,0.0340591552280929,0.881452129129872
5.932155,0.305338701262783,0.0331246665413528,0.0377737867489169,0.882832390124679
5.948656,0.3180875337067,0.0331911209337033,0.0394358891411168,0.883550707770196
5.965269,0.327952832619914,0.0331987157214008,0.0401498123162909,0.884145365669144
5.981788,0.336147724915615,0.0353689263058764,0.0406880434600736,0.885194654989307
5.998355,0.343643340687523,0.0351012100395505,0.0403366593972934,0.886156655076596
6.014922,0.349218695982853,0.0354087989412873,0.040135868504275,0.886500356431035
6.031532,0.354894621384976,0.0356252503906575,0.0399127675120332,0.888771695011421
6.048351,0.357534586688289,0.0364606770373494,0.0381697910101455,0.8902392452391
6.064622,0.358885997498318,0.0360391663201547,0.0374837554590031,0.891983211370878
6.081188,0.360920970752956,0.0356651230260674,0.0376371373911684,0.893479858009515
6.097754,0.361810387634906,0.0348372911670721,0.036120050643926,0.893978134047166
6.114322,0.360273550690477,0.0352303214304025,0.0333117669040829,0.894181808923869
6.130887,0.35807672242022,0.0338993348864679,0.0307377392060953,0.894134527256064
6.147455,0.355840608951996,0.034392996086786,0.0270928267453467,0.894285464887906
6.164021,0.353947062410037,0.0353366484581639,0.0248478730109158,0.894960137916988
6.180587,0.356593313345025,0.0356518321475972,0.022432804769899,0.895834848771404
6.197155,0.371169693198318,0.0352796875504345,0.0199368624191958,0.897300580473399
6.213906,0.389921303891434,0.03561765560296,0.018874343943645,0.899479174243857
6.230289,0.421464175042271,0.0347309641393115,0.0169026889247086,0.90147591544583
6.246855,0.452428768079048,0.0356499334506734,0.0145406071693505,0.904698342959396
6.263423,0.49469021264292,0.0380593798476107,0.013182479879079,0.909102812168119
6.279989,0.539819476658307,0.0390561957328689,0.0128283070538954,0.913863712411074
6.296554,0.576081285788815,0.0394796051469881,0.0117462672415232,0.917271629544496
6.31353,0.618941436769688,0.0434592739003225,0.0099475154915748,0.920846851040924
6.329949,0.649731603527496,0.043328263812546,0.00926705746523797,0.922923607373031
6.346256,0.685267422199593,0.0440668569160985,0.00946784835825629,0.926167857194815
6.362823,0.718084705172446,0.0446193777210706,0.00882643300556102,0.93004495395493
6.379664,0.742466670438046,0.0460623873835386,0.0090383789481905,0.932639990107221
6.396056,0.770728441854764,0.0474579296229,0.0124685567039063,0.936100644485503
6.412521,0.791747594174477,0.0474199556844137,0.0178954883401841,0.937439079389557
6.429088,0.820895639657307,0.0493452343656549,0.0314265635196412,0.939732240278161
6.446131,0.843824052598166,0.0529565559156757,0.0481926030866025,0.941210701659951
6.46222,0.858689571508488,0.0539647639824787,0.063896124178013,0.940950652487016
6.478788,0.872659387905187,0.0569552116382532,0.0847895321014436,0.941181605248993
6.495356,0.881097848428278,0.059144409191972,0.101117735971131,0.943012860613644
6.511923,0.889264455381443,0.0619430884583914,0.118279779799321,0.944511325777965
6.528488,0.894475244039649,0.0637582427180229,0.135430668577899,0.94623165107584
6.545054,0.896349933686586,0.066272117445797,0.153183930035529,0.947482796747022
6.561622,0.895743370229991,0.0701435604744463,0.179752469449109,0.947788309062077
6.578229,0.893867109175136,0.0746738513358281,0.201133910793068,0.947271847767578
6.595191,0.887771617858737,0.0816800429864986,0.224629234038519,0.947139095392583
6.611698,0.880945421860169,0.0881204229537268,0.237686219609462,0.946699012176848
6.627888,0.866450755218646,0.0954057230522697,0.251245182412949,0.946133450688858
6.644456,0.851879089589108,0.102134704951992,0.260595902750277,0.946129813637488
6.661023,0.838811261337708,0.108390911317563,0.263917318772275,0.947408237193942
6.677589,0.822760900856732,0.119705246289472,0.264341210657534,0.947741027394271
6.694156,0.810829200530508,0.130478452637955,0.263222916933924,0.950390619317108
6.710723,0.812458750542135,0.149093277283801,0.272721441678612,0.953429375736503
6.727567,0.838366552896733,0.180685695407243,0.295519574323307,0.955427935464161
6.743854,0.881682412174012,0.263523943517564,0.333597336174153,0.9560716935566
6.760423,0.890303156015664,0.35208106676388,0.404356604625999,0.945418770094709
6.776989,0.886750202711622,0.406497720614342,0.480040827481581,0.938386531271368
6.793704,0.879950720647672,0.540107124480469,0.567164553714353,0.916631508503426
6.810122,0.883531959294249,0.635776766405216,0.584912237647176,0.907531605976403
6.826692,0.890765149943743,0.687605496347856,0.555465695433681,0.903914558389223
6.843256,0.879430584626602,0.748978975728957,0.488437791077076,0.901126758514337
6.859823,0.849061555190989,0.772293075262447,0.433633032332911,0.901308611082823
6.87639,0.804966277586066,0.767798859642627,0.373836388887339,0.907731643801737
6.892955,0.768371329976806,0.746567630635095,0.332253152695897,0.917057043513683
6.909522,0.723257780040605,0.717635286902599,0.293868626980719,0.932559974977087
6.926506,0.708555687553821,0.694497766183069,0.263485060599807,0.951958188457454
6.942657,0.692989320711785,0.680802465268087,0.260322604034782,0.964555115876457
6.959308,0.662584148894043,0.678911363131482,0.316624928189369,0.968332193723904
6.976034,0.624282652285142,0.681110054169823,0.408205096742167,0.962940265068304
6.992566,0.576368853437926,0.683160646848068,0.526005209408169,0.964144129071679
7.008923,0.537941644195534,0.713367016216771,0.594552989274419,0.963154851099117
7.02549,0.509486589604822,0.731049580672784,0.614514950555242,0.961887338696772
7.042214,0.475167040661751,0.741357606274814,0.601985041078471,0.953944018505318
7.058623,0.451221926797534,0.744437292686029,0.571634939846395,0.943833015697514
7.07519,0.4305971978654,0.731051479369708,0.530138155289445,0.93238539651134
7.091757,0.431354616482183,0.7052747699254,0.496932361356677,0.926928000931086
7.108782,0.448580390086302,0.661190824736983,0.461261301459638,0.927195324206759
7.12489,0.464112185954128,0.616992957733108,0.421987160537897,0.931487044823022
7.141947,0.473521776570936,0.577395633376814,0.383580324723495,0.93976497374049
7.158305,0.484711772359563,0.541850128256977,0.347398921306702,0.949926895267469
7.175557,0.505042648010912,0.507521687865618,0.315590297337847,0.958122990529118
7.19129,0.525521236006613,0.480863983048434,0.292624838948971,0.963722231112792
7.208056,0.547968798124367,0.447541852026954,0.267788120987668,0.969517872470431
7.22435,0.562526321082637,0.422386016476892,0.251091800480783,0.97435515079215
7.240856,0.576155141960992,0.395244143944012,0.232125427377838,0.979146965971748
7.257423,0.581196218563985,0.375499594628207,0.217894372835224,0.982365756433944
7.27399,0.586887858045294,0.353991155869726,0.199627979095437,0.986508357944047
7.290896,0.593148347193151,0.334933934840519,0.183179858442421,0.988010460159739
7.307123,0.598486419892767,0.321003195506924,0.172150303138474,0.989170679546678
7.323747,0.605315758707171,0.303421261987897,0.160370570748113,0.991371095625355
7.340549,0.607427730949822,0.289855072463768,0.152032171163081,0.993702445553341
7.357294,0.608068865380626,0.276674318415271,0.142282657802121,0.996242925935086
7.37339,0.604651053157587,0.2632220507066,0.133910793068252,0.998954347731207
7.39024,0.60098810129924,0.253162754401654,0.12617197739987,0.999870884676376
7.40652,0.59861056111834,0.243553449267768,0.118427584206681,1
7.423128,0.60061882043836,0.23519728410392,0.114065959808356,0.999785413969187
7.439936,0.603150358595287,0.226516441766016,0.110535386606133,0.998897973434977
7.456221,0.603736493748939,0.219595691476939,0.10867807084572,0.997734116996668
7.472789,0.600458536830659,0.213671757073121,0.106650640578724,0.996592082866579
7.489354,0.600012256981765,0.208585148012919,0.10491045283924,0.995111802959105
7.505923,0.601846090022817,0.204823829405879,0.103700129956328,0.994382574159478
7.522489,0.603395498230594,0.202547291793643,0.102375467814894,0.993216899195484
7.539056,0.603081216646867,0.200048606641262,0.101455176221897,0.992751356620161
7.555623,0.602848648274908,0.195964509557091,0.10267665415442,0.99086736401065
7.572189,0.600098684417291,0.190114624333321,0.101499796420344,0.99124198030173
7.588866,0.596987296738386,0.188973507481816,0.100677111511453,0.990956471769208
7.605321,0.59205307587386,0.18792922417345,0.0997819187800835,0.991316539854809
7.621887,0.587159711615218,0.187091898829834,0.0983708050041559,0.99156749639932
7.638456,0.57963109627702,0.18416790556641,0.0970600866747362,0.990767345097982
7.655023,0.572680759052881,0.180064821512996,0.0959111165646908,0.988585114276154
7.67159,0.56679426498966,0.176259832876697,0.0957298470084951,0.985475435355049
7.688202,0.559036224095341,0.173273182614771,0.0955346336402836,0.98197113636033
7.70517,0.552092172502875,0.171368789599698,0.0953979842825351,0.978094039600216
7.721462,0.544137705618726,0.170632095193069,0.095247391112772,0.975133479785269
7.738113,0.538417780794881,0.169566926218537,0.0943549871438057,0.973038538196314
7.754423,0.53157272790129,0.168501757244003,0.0928490554461745,0.970308931143343
7.770988,0.524295537830074,0.167601774901885,0.092271781628749,0.968448579367735
7.787554,0.519964737606306,0.166916345312212,0.0917223954353539,0.966637327785618
7.804123,0.515660651317154,0.165786620642253,0.0920905120725521,0.965808080073323
7.82069,0.509602873790802,0.165830290671512,0.0906989196334459,0.965311622561357
7.837763,0.502778249200153,0.165845480246907,0.0912148406780038,0.964156858751473
7.853889,0.497765457939696,0.16367906705628,0.090866245377627,0.963676767970671
7.870389,0.493316802122029,0.16180315449507,0.090500917502831,0.963456726362803
7.887338,0.490500839131828,0.160223438654052,0.0910447261714192,0.962563830251539
7.90393,0.48866386327494,0.157795005287871,0.0915104494927244,0.962825697950158
7.92009,0.487919015921505,0.157886142740237,0.0919092425163564,0.962534733840581
7.936656,0.488140584438033,0.159055740045607,0.0930637901512074,0.962318329284083
7.953223,0.486544033992696,0.158246895155854,0.0932088057961637,0.961723671385135
7.969789,0.485209908669772,0.158778530294659,0.0925562353938572,0.963129391739529
7.986356,0.483990496124908,0.159625349122897,0.0927626038116811,0.962940265068304
8.002923,0.482989509280735,0.160012683295455,0.092221583905495,0.962667486215576
8.019487,0.482617085604018,0.159272191494977,0.0925199814826179,0.962369248003259
8.036055,0.482595085893157,0.159492440338196,0.0934932595612719,0.962843883207006
8.05262,0.48008554744709,0.158256388640476,0.0936131763446025,0.963593115789168
8.069189,0.479466412727147,0.159733574847582,0.0936968392166924,0.964426000552832
8.085755,0.478716851149956,0.158966501290165,0.0930470575767882,0.964407815295984
8.102321,0.477354440484496,0.159272191494977,0.0931948619841491,0.965162503455199
8.118892,0.478234428918934,0.159661424364459,0.0918506785058934,0.966597320220551
8.135458,0.479904835536447,0.160578494978896,0.0922020625686736,0.968328556672535
8.152183,0.482481944523015,0.160179768624793,0.0924474736601391,0.970205275179307
8.168589,0.486217181145619,0.161041777028426,0.0903726344322914,0.970927229876195
8.185155,0.491660538175784,0.159452567702785,0.0916387325632627,0.97194378573403
8.201723,0.498538590635666,0.161474679927166,0.0920207930124767,0.972967615694604
8.21829,0.503974090626237,0.16216960300146,0.0923498669760333,0.97225839067751
8.234857,0.509184879284444,0.161522147350273,0.0909777958737473,0.972111090097036
8.251422,0.515751792976435,0.162177197789158,0.0914518854822615,0.972036530543957
8.267988,0.521844141476998,0.162099351215261,0.0925701792058718,0.971385498348779
8.284556,0.527444639299026,0.161550627804139,0.0920570469237161,0.970385309222108
8.301126,0.533670557472673,0.162353776603118,0.0931558193105063,0.970739921730655
8.318089,0.536846372876242,0.163846152385618,0.094890429525185,0.970736284679285
8.334257,0.541727165871535,0.164172728256598,0.0955764650763286,0.971385498348779
8.35099,0.5434525717662,0.163849949779467,0.0954091393321475,0.970761744038873
8.367389,0.547426662392437,0.165330933380421,0.0968118868208673,0.970909044619346
8.384215,0.549467921278749,0.166498631988866,0.0989397125343712,0.970901770516607
8.400523,0.551677320812355,0.167523928327988,0.100677111511453,0.971525524826513
8.417089,0.552686164696121,0.166274585751799,0.10131016057694,0.97206380842923
8.433657,0.554596996725186,0.165691685796038,0.102874656285034,0.972436606194626
8.450355,0.55696982268233,0.16523789723113,0.103245561684635,0.972347498436068
8.466789,0.559677358526145,0.164808791726239,0.104609266499714,0.971676462458356
8.483356,0.563136027355069,0.165551182223641,0.10709963132561,0.97219110522717
8.499923,0.565537138654749,0.16724671857704,0.108424293467045,0.973147649737405
8.51649,0.567735538332925,0.167155581124675,0.109244189613533,0.974440621499338
8.533208,0.569112091669652,0.167081531944627,0.110242566553815,0.976122757757831
8.549622,0.569096377590466,0.166992293189185,0.111617426418505,0.977104761627653
8.566189,0.569852224799331,0.166874573979878,0.113114991828927,0.978908739107032
8.582755,0.56973751202127,0.167345450817104,0.11416077773006,0.97904331000771
8.599322,0.569984223064497,0.167700507141949,0.115301381552895,0.98001258419774
8.615888,0.571528917048519,0.168051766072944,0.116277448393952,0.981918399115469
8.632454,0.570791926734677,0.168404923700864,0.116960695182691,0.98222209290484
8.649022,0.570472930927194,0.168139106131463,0.117705294744298,0.982804021123995
8.665588,0.570744784497118,0.167341653423256,0.118224004551261,0.983504153512664
8.682159,0.570314218727411,0.167147986336977,0.117267459047024,0.985173560091363
8.698859,0.569578799821488,0.16541447604509,0.117967438410183,0.984857136622198
8.715288,0.568580955793153,0.16498157314635,0.117694139694687,0.984293393659892
8.731853,0.56717454570597,0.164075894713458,0.118332766284979,0.983522338769513
8.74842,0.565634565945705,0.163794887568662,0.118778968269461,0.982582160990442
8.764988,0.564187299252639,0.162520861932456,0.120842652447696,0.982600346247291
8.781555,0.563915445682714,0.16191327891668,0.124189167331322,0.980014402723424
8.798121,0.562721175664548,0.16189998803821,0.127164776815345,0.97841773717212
8.81478,0.560395491944963,0.163022117920472,0.130405318727655,0.974369698997629
8.831255,0.557288818489814,0.16286262737883,0.132667005036505,0.970305294091974
8.847933,0.55309158793913,0.164400571887514,0.135132271000776,0.965331626343891
8.864388,0.549502492252959,0.164130956924263,0.137987963701468,0.959534166460567
8.880955,0.546287391651424,0.162706934231037,0.139379556140576,0.955600695404222
8.897521,0.543160289893332,0.163194899340583,0.140896642887819,0.951676316976301
8.914087,0.539368482585657,0.162982245285061,0.141189462940137,0.949157658902774
8.930653,0.536345093750197,0.162879715651149,0.142449983546302,0.94718637706039
8.947344,0.534236264323383,0.163289834186797,0.143328443703254,0.945198728486841
8.963984,0.532839282683713,0.164767020393904,0.144287777969892,0.944347658466329
8.980429,0.528033917268516,0.163403756002255,0.145110462878783,0.942058134629094
8.996922,0.52506238489437,0.16371893969169,0.144873418074527,0.941172512620568
9.013489,0.520547729944121,0.165659407948326,0.144014479254397,0.941901741420196
9.030056,0.517521198292822,0.164660693366143,0.144714458617555,0.94159622910514
9.046621,0.512764546523103,0.164977775752502,0.14561522887373,0.940143227082939
9.063465,0.508157178505654,0.164121463439642,0.14625106670162,0.937890073759402
9.079756,0.50610649117183,0.162697440746416,0.1466944799237,0.93645525699405
9.096323,0.500637991614968,0.163251860248312,0.148755375339532,0.934238474184209
9.11289,0.497176179970206,0.163050598374336,0.151346135611939,0.932116254709982
9.129457,0.491717108860855,0.162401244026225,0.153560412959937,0.927880908389951
9.146023,0.483371361404964,0.164592340276868,0.157012900814877,0.922221656458676
9.16259,0.478327141986134,0.164284751375131,0.159419602768683,0.916807905494857
9.17916,0.471911083454332,0.16502144578176,0.162043828189926,0.908600899079099
9.195724,0.465949161811016,0.166274585751799,0.163873256326308,0.902150588474912
9.212289,0.456856995593772,0.168422011973183,0.165058480347592,0.893992682252644
9.228855,0.449015670079765,0.169217565984465,0.166542101945999,0.888189766792266
9.245422,0.438803090016531,0.171469420536686,0.16742056210295,0.881519414580212
9.261991,0.428662794717555,0.172946606743792,0.16891533875097,0.875840158866404
9.278557,0.420423903000132,0.174345946377002,0.169169116129644,0.872119455315187
9.295124,0.414626979188274,0.174279491984651,0.170418481686197,0.869244366207429
9.311691,0.407527358211864,0.17498960463434,0.17128857555594,0.86732400308422
9.328264,0.3990574695304,0.17587249870414,0.171425224913687,0.865079942389106
9.344823,0.393199260809715,0.176111734516602,0.172353882793894,0.863683314663136
9.36139,0.386310208494402,0.175488961925431,0.173003664433797,0.862401254055313
9.377955,0.3795484402205,0.176368058601382,0.173709221321762,0.86293953765803
9.394524,0.373295808112236,0.175750982100985,0.174202832267097,0.863812429986762
9.41109,0.367148460334522,0.174915555454292,0.174738274648476,0.864134309032981
9.427656,0.359171993739511,0.17451303170634,0.173731531420986,0.863999738132301
9.444224,0.354398056482686,0.174123798836858,0.174222353603918,0.863208679459389
9.46079,0.350837246139051,0.174592776977161,0.173968576225243,0.863150486637473
9.477357,0.347545146549502,0.175217448265256,0.174431510784144,0.862459446877228
9.493923,0.344482472516076,0.175010490300507,0.173335527159757,0.862988637851521
9.51049,0.342350071970483,0.174849101061941,0.17325465305007,0.863926997104907
9.527058,0.339950532078721,0.175462380168491,0.173034340820231,0.86471805577782
9.543624,0.337140854720195,0.174651636581814,0.172208867148937,0.864929004757263
9.56019,0.334907884067809,0.175319977899168,0.172061062741577,0.866663878260617
9.576757,0.335930870622843,0.173977599173688,0.172161458188085,0.867644063604755
9.593324,0.33382204119603,0.17525921959759,0.172830761164811,0.867480396293118
9.60989,0.332253776093229,0.177662969903756,0.172749887055123,0.86832782926226
9.626457,0.326064000301711,0.177647780328361,0.172705266856675,0.868027772524259
9.643024,0.32051221612516,0.175745286010212,0.173313217060533,0.867291269621893
9.659591,0.311999899429893,0.17330356176556,0.17316262389077,0.866063764784614
9.676157,0.30230588397981,0.172485223391187,0.173717587608971,0.864508925324061
9.692722,0.289692192616897,0.17053526164993,0.173511219191148,0.86217939392176
9.70929,0.276654221115951,0.168325178430044,0.177320668633674,0.857036603284985
9.725858,0.266911492020391,0.165346122955816,0.179760835736318,0.853370455504314
9.742424,0.255330215660023,0.163299327671419,0.184264687017195,0.849035090271615
9.75899,0.245772912698862,0.162539848901699,0.188344646412815,0.845790840449831
9.775971,0.233063365452911,0.159955722387725,0.194354429391324,0.843126700321515
9.792171,0.22359877555895,0.160312677409494,0.199137156912506,0.841793720994516
9.809294,0.217278572910184,0.159877875813829,0.203108354574407,0.840951743602426
9.825642,0.208712828345685,0.160800642519039,0.206677970450274,0.839866083768567
9.841944,0.203602609794272,0.160274703471008,0.207425358774283,0.839775157484324
9.858676,0.198313250740133,0.161106332723852,0.207110228622742,0.838916813361072
9.874957,0.194633013394681,0.162325296149253,0.206103485395251,0.839160495802842
9.891524,0.192065332855626,0.163316415943738,0.206078386533624,0.839102302980928
9.908091,0.189280798023797,0.164774615181601,0.206862028768873,0.839880631974046
9.924658,0.19050178197658,0.164934105723243,0.206750478272752,0.840317078138412
9.941493,0.190129358299862,0.167252414667813,0.206630561489422,0.842963033009878
9.95779,0.190325784289692,0.16876947351033,0.205732579995649,0.845116167420749
9.974483,0.190033502416826,0.169458700493852,0.203295201655409,0.847549354787088
9.991157,0.190118358444432,0.168944153627366,0.19972279701714,0.850169850298966
10.00749,0.189400225025614,0.169697936306313,0.197229643428839,0.85201019829204
10.02405,0.187839816962406,0.170806775310105,0.194513388848298,0.853470474416981
10.04062,0.185608417717939,0.169752998517118,0.19178319045574,0.854387011362149
10.05719,0.181973751202127,0.168710613905677,0.189047414538376,0.85449975995461
10.07376,0.177063101456381,0.166221422237918,0.187488496355087,0.85411423250942
10.09032,0.172422733872641,0.165125874112597,0.187187310015561,0.853415918646435
10.10689,0.167958363975788,0.163597423088534,0.187538694078342,0.85265395638448
10.12361,0.162614005644498,0.162249348272281,0.185558672772197,0.852637589653317
10.14002,0.155984235635761,0.160086732475502,0.188431098047309,0.851970190726974
10.15659,0.154742823380035,0.159175357951837,0.190433429452678,0.852062935536901
10.17316,0.154706680997907,0.159285482373447,0.193015823437875,0.852432096250927
10.18972,0.157656213661192,0.159182952739535,0.194069975626217,0.852337532915315
10.20629,0.160717316286701,0.15998420284159,0.194613784294806,0.852886727672142
10.22286,0.169558057236962,0.161881001068967,0.194652826968448,0.854223344050511
10.23942,0.177603665780392,0.162925284377332,0.195179903062619,0.855598149468263
10.25599,0.190677779663467,0.165528397860548,0.196691412285057,0.857642172338043
10.27256,0.205042019447744,0.166154967845567,0.197990975564864,0.858324119469864
10.28912,0.216172301735463,0.167797340685088,0.198897323345846,0.859742569504052
10.30569,0.2268657326218,0.170801079219332,0.199884545236515,0.861202845628992
10.32248,0.234564060015211,0.172430161180382,0.199786938552409,0.861775681219722
10.33882,0.244421501888833,0.173153564708541,0.200648666134943,0.86344508779842
10.35546,0.252457681984751,0.173692794635042,0.201387688171744,0.865456377205872
10.3727,0.25719233404361,0.175040869451295,0.201903609216302,0.866056490681874
10.38852,0.263465394454816,0.17325039825168,0.202466939221712,0.866078312990093
10.40527,0.266548496791185,0.175150993872905,0.203671684579817,0.866622052169865
10.4217,0.271471717800281,0.175507948894674,0.207182736445221,0.867109417053407
10.43822,0.274996385761787,0.175557315014706,0.210233642514125,0.867504037127021
10.45479,0.276894646527503,0.174750368821878,0.213557847298526,0.867851375532829
10.47136,0.276333653900549,0.176267427664394,0.214910397063991,0.867620422770852
10.48837,0.27612465664737,0.177319305760457,0.217074476688735,0.86795685002255
10.50449,0.273882257547472,0.177319305760457,0.219436558444094,0.867709530529409
10.52106,0.269851596236164,0.17716171391574,0.222730086842061,0.867536770589348
10.53762,0.263584821456632,0.176126924091996,0.226653875543112,0.866836638200678
10.55419,0.257038336067583,0.177112347795708,0.234150068882432,0.865158138993556
10.57076,0.254065232285519,0.175806044311789,0.240578166221394,0.862648573548453
10.58733,0.248628160887028,0.174997199422037,0.252271446977261,0.858013151577753
10.60389,0.243473942913893,0.176162999333557,0.261396277559945,0.852648500807426
10.62046,0.233869497715173,0.176878808074019,0.26926616506127,0.846312757321385
10.63702,0.224681475614892,0.178065493651707,0.279222046840053,0.839860628191513
10.65359,0.216422155594527,0.179381290620248,0.286829790675494,0.834537803511937
10.67016,0.205284016267215,0.180195831600773,0.298221885091835,0.827178230065321
10.68672,0.19698855386472,0.181851495318763,0.305224467485819,0.822799220216186
10.70329,0.186821544631128,0.185065989211604,0.310076914067076,0.81716179059313
10.71986,0.178533939268227,0.18671975423267,0.313456894099537,0.812740954653244
10.73642,0.17154588825404,0.189286792474325,0.313911462371229,0.810031351382807
10.75299,0.162280867165746,0.190815243498387,0.314410650841369,0.807692727352081
10.76956,0.155770524158825,0.191253842487901,0.314759246141747,0.80554686704395
10.78612,0.146947068695669,0.191512065269606,0.313585177170076,0.803357362119382
10.80269,0.141282143148976,0.191335486455646,0.314028590392156,0.802224420617717
10.81926,0.134543945993853,0.191483584815741,0.31288798656932,0.800442265446557
10.83582,0.130131432558315,0.194327832808344,0.313529401922015,0.799456624525365
10.85239,0.127350040542324,0.195453760084454,0.313978392668901,0.798272764304523
10.86896,0.126644478386855,0.197737892484388,0.313654896230151,0.797594454224072
10.88552,0.128742307958238,0.199560641531717,0.314851275301047,0.797618095057975
10.90212,0.131352416511097,0.200758719290951,0.315216603175842,0.797079811455257
10.91866,0.135573218180561,0.203468159801928,0.315587508575445,0.797021618633342
10.93522,0.138434752000403,0.204147893300828,0.314965614559571,0.797159826585391
10.95179,0.14233970067822,0.204649149288843,0.315314209859948,0.798725577200053
10.96836,0.147574060455205,0.206768095056363,0.315559620951415,0.800209494158896
10.98492,0.155957521701143,0.207518080341462,0.315082742580498,0.801809796761569
11.00149,0.162727147014639,0.20863451413295,0.313911462371229,0.803200968910485
11.01806,0.167425656691369,0.209741454439818,0.314315832919667,0.804170243100514
11.03462,0.172990012131269,0.208478820985158,0.317193835719584,0.804744897216928
11.05119,0.178340656094234,0.208533883195963,0.319608903960601,0.805537774415526
11.06776,0.182822311478192,0.207343400224427,0.322453441611682,0.806401574115833
11.08432,0.184744143362687,0.20534976845391,0.325102765894552,0.807005324643206
11.10089,0.18920851325954,0.205178885730723,0.33591200896866,0.808160088453089
11.11746,0.193500028285342,0.202919436390805,0.353121461757701,0.808170999607199
11.13402,0.19556957251419,0.201415668426759,0.371421320646324,0.807028965477109
11.15059,0.198006826195998,0.198550534767989,0.396983116832412,0.804601233687825
11.16716,0.200030799595205,0.19867015267422,0.415765431616757,0.801238779696525
11.18454,0.202281055734696,0.199995443127382,0.439740421995527,0.798100004364462
11.20029,0.203340184671858,0.203815621339075,0.461074454378635,0.791762442352736
11.21721,0.203850892245416,0.205476981147839,0.476585550864238,0.786214120488238
11.23342,0.204743451943203,0.209076910516313,0.494238416875359,0.780078414827531
11.24999,0.204606739454282,0.2118262236627,0.505111801484737,0.774842879380829
11.2666,0.203575895859654,0.21389200591634,0.517184353927413,0.769752825988915
11.28312,0.202202485338764,0.216039432137724,0.526258986786843,0.766712251043834
11.29969,0.201116642466985,0.219939355620238,0.534809332314505,0.762615112675852
11.31626,0.198358821569774,0.222534874315757,0.537957845067516,0.760840231607431
11.33282,0.1944491586682,0.223674092470338,0.538253453882237,0.760956617251262
11.34939,0.189524366251187,0.224701287506385,0.536976200701653,0.760956617251262
11.36596,0.183507445330719,0.226607579218383,0.53354044542113,0.760956617251262
11.38252,0.179527069072807,0.227849327006875,0.527873680218193,0.761589464189593
11.39909,0.173117296172679,0.228792979378253,0.519298235828904,0.76352437551828
11.41566,0.168470642957264,0.229801187445057,0.510491324160164,0.765402912550737
11.43222,0.161402450139227,0.229979664955941,0.498139895477185,0.767810640557488
11.44879,0.156311088482837,0.231420775921485,0.488560496622809,0.770256557603619
11.46535,0.150141740994261,0.231906842334107,0.475394749318148,0.773051631581245
11.48192,0.145663228426141,0.231673302612417,0.46490063639558,0.775935813317427
11.49849,0.142822122909242,0.231261285379844,0.455095347786559,0.777434278481749
11.51536,0.141624710075239,0.231772034852481,0.443552660200456,0.780727628497025
11.53162,0.141533568415958,0.232404300928273,0.435484770568517,0.78218972314765
11.54819,0.142347557717813,0.235449810794851,0.425874695327707,0.78688151941458
11.56506,0.146612358808999,0.235869422815122,0.414496544723382,0.790909553806538
11.58132,0.150954158888197,0.236034609447536,0.404961766067454,0.794348385876603
11.59789,0.158900768732754,0.238030139914976,0.392501575650758,0.800935085907154
11.61446,0.164091129088018,0.237929508977988,0.379904735876312,0.805806916216884
11.63132,0.171043037720076,0.239642133603708,0.367118260258463,0.811771680463215
11.64759,0.179805208274405,0.241518046164917,0.35738547947192,0.815417824461353
11.66427,0.192596468732125,0.24425216973591,0.344501397169964,0.821377133130628
11.68129,0.202625194068878,0.246078716177088,0.335212029605502,0.825141481298282
11.69729,0.210373806515686,0.246762247069836,0.328373984193294,0.828280256630345
11.71386,0.218307845096893,0.248771068415747,0.322104846311304,0.831568151068566
11.7306,0.222938784233122,0.25018559762435,0.319157124451311,0.833455780729447
11.74699,0.226367596311591,0.251727339526883,0.316577519228517,0.835514351804705
11.76358,0.230670111192824,0.251391270171282,0.31593331511342,0.837296506975865
11.78012,0.233008366175759,0.252505805265846,0.314508257525475,0.838527648864513
11.79669,0.232417516798351,0.252678586685957,0.314920994361123,0.838842253807993
11.8133,0.230410828886249,0.250394454286024,0.314399495791758,0.838307607256645
11.82982,0.226608021723143,0.247565395868816,0.314828965201823,0.838153032573432
11.84639,0.220679099646119,0.246274281960291,0.315983512836674,0.837027365174506
11.86307,0.214626036343523,0.245277466075033,0.314502680000669,0.835658015333809
11.87955,0.210442948464106,0.245431260525902,0.314918205598719,0.833824941443473
11.89609,0.207435273707831,0.243959770409569,0.317570318643992,0.83285384872776
11.91266,0.203393612541093,0.244202803615878,0.319912879062529,0.8298587369248
11.92944,0.200723790487325,0.244533176880707,0.322829924536089,0.827723787770779
11.9459,0.197145694656585,0.244776210087017,0.326006324913131,0.825983458690371
11.96236,0.19314489009573,0.246025552663207,0.327183182647205,0.82395762107744
11.97892,0.191691337770989,0.248290698093899,0.328429759441355,0.823044721183642
11.99549,0.18981979093989,0.249029291197451,0.330816940058341,0.821966335452522
12.01206,0.187819388659463,0.250413441255267,0.332481831212945,0.82078247523168
12.02862,0.186494691784051,0.252426059995026,0.334294526774908,0.819493140521117
12.04527,0.183265448511248,0.252786812410643,0.335418398023325,0.819213087565649
12.06176,0.182390174300566,0.253755147842036,0.336556213083758,0.819387666031395
12.07832,0.18001891975134,0.253200728340141,0.339417483309257,0.818296550620481
12.09489,0.179168788067357,0.253521608120347,0.342529742151029,0.818032864396177
12.11146,0.179134217093147,0.251374181898963,0.344381480386634,0.817709166824272
12.12802,0.183127164614408,0.252243785090292,0.342939690224273,0.81894030871292
12.14459,0.194538728919563,0.253259587944794,0.339227847465851,0.820189635858417
12.16143,0.208733256648627,0.253310852761749,0.332950343296652,0.824123106914762
12.17772,0.218510556718398,0.253115286978547,0.327208281508832,0.827409182827298
12.19429,0.229722552217885,0.251527976349831,0.319452733266031,0.832890219241457
12.21086,0.242955378300742,0.247969818313692,0.30804111751287,0.83812575468816
12.22742,0.254269515314942,0.245689483307606,0.295488897936874,0.843481312830063
12.24399,0.264816805264845,0.244631909120771,0.277267124395536,0.850833612173938
12.26056,0.27042201731063,0.241026283661523,0.262681897027737,0.856769280009311
12.27728,0.275618663297568,0.236805480398802,0.242839852530244,0.865327261882247
12.29369,0.276338368124305,0.233609973475204,0.228193272389579,0.871686646202191
12.31052,0.277592351643379,0.229413853272499,0.210911311778059,0.881734000611025
12.32729,0.293227860433834,0.228574629231958,0.199268228745448,0.890330171523343
12.34403,0.33145550087056,0.2406807208213,0.201747438521733,0.89799343875933
12.35996,0.412409722615074,0.295716349869085,0.236099413802143,0.902627042204345
12.37653,0.479964549037356,0.358741695574328,0.307410857209787,0.896798667384378
12.39309,0.553058588372839,0.42544481722194,0.429143124864048,0.880179161150472
12.40966,0.608158435631988,0.50698815402989,0.56468813270047,0.87099742496763
12.42622,0.66427341240658,0.646625920630671,0.667261602645978,0.86211574552279
12.44347,0.712325495150635,0.75683388490479,0.717305943968186,0.854987124838151
12.45959,0.742733809784214,0.820846553010668,0.702941028830225,0.851604667064318
12.47593,0.759910869742854,0.877750499831965,0.625062049963467,0.850600840886277
12.49255,0.749410722030511,0.895860271095946,0.533350809577726,0.851311884429056
12.50928,0.732277661493591,0.881671308980646,0.471033124919823,0.855683620175452
12.52563,0.708538402066715,0.847388437315471,0.409295502841749,0.862917715349812
12.54257,0.684876141627853,0.818771277272407,0.367483588133258,0.872714113214135
12.55876,0.661807873382235,0.794317959584337,0.32933052969753,0.886662205216987
12.57532,0.640182157605928,0.775887308540148,0.345036839551344,0.895543884661827
12.59189,0.621061266051932,0.765387514548765,0.415218834185765,0.891474024179118
12.60846,0.590029102474653,0.772500033227196,0.569995147553419,0.881832200998007
12.62503,0.575620863268654,0.794317959584337,0.682248411799812,0.875292782635262
12.64159,0.590910662317009,0.903069623317517,0.748874734370381,0.862721314575848
12.65846,0.597296864098358,0.952505995135538,0.75423752447139,0.854232436678936
12.67473,0.584071895055094,0.968024045097849,0.711728419162144,0.843079418653709
12.69131,0.557753955233731,0.992126103854924,0.643969859055948,0.834577811077004
12.70832,0.53702237056313,1,0.590520438839651,0.835668926487918
12.72464,0.524656961651361,0.976797923585043,0.537854660858605,0.843626794884851
12.74105,0.515750221568517,0.943086559694081,0.503787139343303,0.854063313790244
12.75756,0.505407214648036,0.900891817945344,0.461584797898389,0.870759198102914
12.77438,0.483462503064245,0.857521782800464,0.417539084505078,0.887024091828273
12.79097,0.460474376622478,0.809551205008003,0.383058826154129,0.900493911576007
12.80726,0.460821657772498,0.75933257005717,0.366052953020509,0.908433594716092
12.82382,0.466474012055842,0.722839615172107,0.359714096078442,0.913474547914515
12.84039,0.471488374724218,0.683310643905088,0.349800045735703,0.917620786475989
12.85712,0.472173508576744,0.645659483896202,0.338854153303847,0.920634083535796
12.87353,0.467068004249087,0.618954311655911,0.327562454334016,0.923247304944935
12.89009,0.464113757362046,0.591466876282807,0.312689984438706,0.923909248294223
12.9072,0.467586568862238,0.570425516967705,0.302826131819221,0.921961607285741
12.92342,0.476922303306871,0.546494340933818,0.293073829695858,0.91970663543652
12.93979,0.486594319046093,0.528969368322521,0.288706627772726,0.917211618196895
12.95641,0.497658602201228,0.507741936708837,0.280948290767523,0.913587296506976
12.97304,0.501360839257541,0.487904351243741,0.27511977734521,0.91049216579135
12.9895,0.505081933208878,0.474368540870401,0.270378881260074,0.907498872514075
13.00816,0.509494446644416,0.45621509957716,0.263501793174225,0.904109140637502
13.02484,0.515655937093398,0.444745071457459,0.259301916995276,0.901323159288302
13.0413,0.523575833003337,0.436143974390376,0.25635140637288,0.897824315870638
13.05787,0.533452131771982,0.426939091701366,0.253161062183824,0.895445684274845
13.07443,0.539788048499934,0.420967689874439,0.250963517410243,0.893632614167042
13.091,0.544129848579133,0.411825464183931,0.25168859563503,0.891797721751022
13.10795,0.545621114693921,0.408123005181544,0.250372299780803,0.890948470256194
13.12419,0.545237691161773,0.403981947189644,0.248838480459142,0.890022840682602
13.14073,0.543133575958716,0.399320646240485,0.249909365221902,0.88922814495832
13.15778,0.542978006574771,0.396015014895278,0.250469906464909,0.888628031482317
13.17426,0.542566297700087,0.393567594559854,0.252887763468328,0.887484178826542
13.1904,0.544250846988868,0.390368290242407,0.255517566414376,0.887129566317995
13.20697,0.544505415071688,0.387077848472593,0.256387660284119,0.886260311040633
13.22353,0.542990577838119,0.385877872016435,0.257132259845726,0.886527634316307
13.2401,0.541922020453445,0.384649415106413,0.257650969652688,0.886282133348852
13.25667,0.543017291772737,0.38112543361491,0.2574780663837,0.886016628598863
13.27323,0.541945591572225,0.378767252034928,0.257121104796113,0.885798405516679
13.2902,0.540361612390237,0.375537568566693,0.257001188012784,0.885118276910543
13.30637,0.540911605161761,0.373299004892942,0.257533841631761,0.88395987604929
13.32333,0.5418591641367,0.371474357148689,0.25741392484843,0.881992231258274
13.3395,0.542294444130163,0.370758548408228,0.257137837370531,0.880728355907299
13.35607,0.544158133921669,0.36815923231886,0.257037441924023,0.879158968241268
13.37274,0.544494415216257,0.36802252614031,0.256114361568623,0.878824359515254
13.38936,0.543240431697183,0.365558017532568,0.256750199396512,0.878387913350888
13.40577,0.54143174118283,0.365269415600074,0.255894049338785,0.877711421796122
13.42233,0.539865047487948,0.363477045703534,0.255157816064387,0.876085659833859
13.4389,0.536909229192988,0.36317515289257,0.254257045808212,0.875965637138659
13.45547,0.531528728479568,0.363256796860315,0.25210412123308,0.875132752374994
13.47203,0.527699207381846,0.362411876729001,0.249189864521923,0.873579731440127
13.4886,0.523149981457387,0.361997960799503,0.246225410087511,0.868349651570479
13.50517,0.516631781410873,0.363234012497223,0.242056210294996,0.861835692567322
13.52199,0.509991011546705,0.36351501964202,0.239507281458634,0.856078240249065
13.5383,0.498645446374133,0.364635250827357,0.233182368328583,0.849244220725374
13.55487,0.489118000163426,0.365290301266241,0.230050588149991,0.841835547085267
13.57155,0.476711734645773,0.36453461989037,0.225014083250135,0.832433769294558
13.588,0.466981576813562,0.364616263858114,0.222819327238958,0.8263762602383
13.60457,0.455119018435758,0.365030179787612,0.222052417578127,0.819142165063939
13.62113,0.445781712583206,0.365415615263245,0.222133291687815,0.811389790069395
13.6377,0.440112072812757,0.365394729597078,0.221846049160304,0.805163158124446
13.65427,0.434736286323094,0.365681432832647,0.223530461651729,0.799929441203428
13.67083,0.434411004883936,0.365679534135723,0.226330379104362,0.796588809520346
13.68751,0.44052378168744,0.367504181879976,0.231319475043365,0.795166722434788
13.70415,0.453093473628632,0.368174421894254,0.234788695472723,0.797921788847346
13.72054,0.462795346118308,0.368960482420915,0.237873066690464,0.800025823064725
13.7371,0.473708774113255,0.368206699741967,0.241233525386105,0.802198961258129
13.75367,0.481476243455086,0.36840226552517,0.243576085804642,0.805368651526834
13.77024,0.492857951009787,0.368766815334636,0.24605808434333,0.810398693571148
13.787,0.503051674177996,0.368561756066812,0.247427366683213,0.815215968110334
13.80349,0.511043854852193,0.367644685452374,0.24905879268898,0.818980316277987
13.81993,0.520912296581245,0.368182016681951,0.248428532385897,0.825168759183555
13.8373,0.527826491423256,0.369535787588977,0.246746908656876,0.830406113155943
13.85338,0.53442483327362,0.369807301249152,0.244914691758092,0.835463433085529
13.86985,0.539646621787256,0.372135103678346,0.239306490565617,0.841302719059604
13.88625,0.542567869108006,0.372465476943174,0.234635313540557,0.846245471871045
13.90311,0.544461415649966,0.372761673663365,0.229738246760853,0.85113730596331
13.91938,0.545498544876267,0.37301989644507,0.224567881265651,0.853363181401574
13.93592,0.546466532154149,0.373790767396336,0.217989190756926,0.856221903778169
13.95248,0.547272664416411,0.375588833383649,0.212637555705529,0.858425956908216
13.96945,0.549306066263129,0.377086905256923,0.207746066450631,0.860506350291692
13.98628,0.548875500493422,0.377347026735552,0.202756970511626,0.862372157644355
14.00234,0.547549232210091,0.379259014538323,0.199918010385352,0.863341431834383
14.01873,0.545979395699371,0.381406440759707,0.196822484117998,0.863263235229935
14.0353,0.543639569308517,0.382266550466415,0.194663982018061,0.862543099058731
14.05187,0.537683933296876,0.385031053188197,0.19231026654991,0.861504720892678
14.06843,0.530835737587449,0.385258896819113,0.19028841380772,0.859617091231797
14.085,0.524410250608135,0.385139278912882,0.188877300031792,0.856698357507602
14.10157,0.516306499971714,0.385530410479288,0.186272595947371,0.852181139706418
14.11813,0.512461264794805,0.384862069161934,0.185324416730344,0.847531169530239
14.1347,0.50699590805378,0.38399056727368,0.183503354881171,0.843957766559495
14.15127,0.503677094529615,0.382154527347882,0.181127329313797,0.840904461934621
14.16783,0.50039285197966,0.380764681199293,0.181556798723863,0.83963513100659
14.1844,0.497130609140565,0.378865984274992,0.181054821491319,0.836694574974177
14.20097,0.495471202378483,0.377905243631296,0.180703437428538,0.834335947160918
14.21753,0.49157253933234,0.376974882138388,0.182661148635458,0.8311317049042
14.2341,0.488707862696661,0.375174917454152,0.183704145774189,0.826810887876981
14.25067,0.48618103876349,0.37357621464389,0.184426435236571,0.821011609467973
14.26723,0.482235233479789,0.370528806080387,0.183517298693187,0.812962814786796
14.28393,0.475490750692991,0.369970589184642,0.18443480152378,0.807101706504503
14.30037,0.464968603269785,0.368571249551433,0.184362293701301,0.797981800194946
14.3172,0.454312886173496,0.366044083945188,0.184395758850137,0.790645867582234
14.3335,0.436571690772064,0.363526411823566,0.187432721107028,0.779725620844669
14.35007,0.416883520959439,0.361377086905257,0.186147101639235,0.768823559363952
14.36663,0.39872275964373,0.360228375266055,0.187625145712836,0.759647278758166
14.3832,0.376041057746098,0.35853094021573,0.188581691217072,0.74848334957883
14.39977,0.358031151590579,0.357139195370217,0.190567290048023,0.739570755197347
14.41634,0.335325878574168,0.35483607600104,0.191108309954209,0.728703245704643
14.4329,0.317952392625697,0.354972782179591,0.192803877495245,0.72098542269811
14.44947,0.296898669331775,0.353497494669408,0.193913804931647,0.710672563539287
14.46604,0.276127799463207,0.353319017158524,0.196415324807157,0.703889462734772
14.4826,0.260134009667301,0.352075370673107,0.199307271419089,0.698077454645969
14.49917,0.245985052767878,0.352082965460805,0.199471808400868,0.692541862461265
14.51573,0.234212064641436,0.349958323602512,0.202793224422866,0.687291778809084
14.5323,0.224428478939991,0.349565293339181,0.205534577865036,0.684869502596855
14.54887,0.21530959878813,0.34883619372025,0.206396305447568,0.682243551507922
14.56543,0.207210562375466,0.34909251780503,0.206385150397957,0.680401384989162
14.582,0.197791543311145,0.34899948165574,0.207821363035513,0.678873823413882
14.59857,0.191688194955152,0.348164055009047,0.209960343798629,0.677417184340312
14.61513,0.185391563425166,0.348202028947533,0.211775828122995,0.676373350597204
14.6317,0.179472069795654,0.347698874262593,0.214882509439961,0.675929630330099
14.64827,0.175953687465822,0.348118486282864,0.217049377827108,0.676897085994443
14.66485,0.171423318436386,0.34878303020637,0.219414248344869,0.677950012365975
14.6814,0.166055388986316,0.349045050381923,0.220248088303373,0.678171872499528
14.69797,0.16203415612252,0.349462763705269,0.222158390549442,0.678002749610836
14.71464,0.159992897236208,0.349905160088632,0.225304114540049,0.678402825261505
14.7311,0.158669771768714,0.34899948165574,0.227825155752381,0.678588314881359
14.74777,0.157492787237653,0.349506433734528,0.232607883273561,0.67991765715699
14.76424,0.155151389438881,0.34971908779005,0.235940454345171,0.679881286643293
14.7808,0.152239570565644,0.347391285360857,0.241222370336492,0.680514133581623
14.79737,0.148213623478091,0.346185612813926,0.246002309095269,0.679926749785414
14.81394,0.14404782108578,0.345967262667631,0.252154318956334,0.679541222340225
14.8305,0.138697177122815,0.345259048714867,0.258178045746858,0.677653592679343
14.84707,0.131826981702526,0.345173607353274,0.26497425972302,0.673960167013399
14.86363,0.12735475476608,0.345099558173226,0.270883647255021,0.670788658219008
14.8802,0.121749542720296,0.346092576664635,0.276720526964543,0.667568049231128
14.89677,0.116673895143092,0.345638788099727,0.27979095437027,0.665867727715786
14.91333,0.110735544618557,0.344490076460525,0.283508374653496,0.66334179553952
14.9299,0.104702909618902,0.344172994074167,0.285775638487152,0.662094286919708
14.94647,0.0973471491517544,0.343166684704288,0.288600654801412,0.660646740474563
14.96338,0.0914920832469057,0.342464166842296,0.287922985537478,0.659195556978047
14.9796,0.0856008749599289,0.341698991981803,0.287342922957649,0.658126263875351
14.99617,0.0810107924295855,0.342682516988591,0.287655264346788,0.656693265635684
15.01274,0.0761567133689101,0.341501527501676,0.288684317673503,0.655196618997047
15.0293,0.072874042226874,0.341993290005069,0.288807023219236,0.65567307272648
15.04601,0.0712130640568723,0.341995188701994,0.289730103574636,0.655320278743617
15.06244,0.0681456757996898,0.3423863202684,0.288940883814581,0.654285537628934
15.079,0.0663699848516276,0.34275276877479,0.289863964169981,0.654423745580983
15.09557,0.0649840030673884,0.342650239140877,0.289827710258742,0.65529118233266
15.11244,0.0637253053245587,0.342411003328416,0.291342008243582,0.655816736255583
15.1287,0.0626551765319654,0.343421110092144,0.290371518927331,0.657004233527794
15.14527,0.0604049203924749,0.344161601892621,0.290329687491285,0.657786199572283
15.16183,0.0588005129075444,0.342824919257913,0.290240447094388,0.658748199659572
15.1784,0.0575119584142613,0.342530621234647,0.291790998990468,0.659284664736605
15.19497,0.0560175494836355,0.342325561966822,0.292192580776503,0.661285042989947
15.21154,0.0540564324011745,0.34228948672526,0.292652726573001,0.66239070660634
15.2281,0.0532455859151566,0.344062869652557,0.292898137664467,0.66302355354467
15.24508,0.0533775841803225,0.343257822156654,0.292516077215254,0.663881897667923
15.26154,0.054213573193038,0.343470476212175,0.292931602813304,0.665233062251771
15.2783,0.0540171472032086,0.344188183649561,0.292454724442386,0.665895005601059
15.29466,0.0549631347702288,0.345042597265497,0.292122861716428,0.667000669217452
15.31094,0.0555492699238813,0.346595731349575,0.291807731564886,0.66792811731673
15.3275,0.0550008485602758,0.347662799021032,0.293174225142366,0.66880100964546
15.34413,0.0542371443118174,0.346732437528125,0.294286941341172,0.669473864148857
15.36064,0.0553701294211566,0.347526092842482,0.296768939879861,0.670033970059793
15.3772,0.0548279936892258,0.346874839797447,0.298302759201521,0.670666816998124
15.39377,0.0541020032308151,0.347112176912985,0.300266047933248,0.672087085557997
15.41034,0.0541632881396415,0.346510289987981,0.301448483192129,0.671408775477545
15.4273,0.0540014331240221,0.346734336225049,0.303707380738575,0.670139444549515
15.44395,0.0540485753615809,0.347264072666928,0.307645113251641,0.6696848131283
15.46004,0.0538615778192632,0.34689382676669,0.309031128165943,0.669188355616335
15.4766,0.0528275914087988,0.346054602726149,0.310143844364748,0.669773920886859
15.49333,0.052120457845411,0.34559132067662,0.312556123843361,0.669361115556397
15.50996,0.0509026167084659,0.344903992390023,0.315682326497147,0.668910121186552
15.5263,0.0495292061875756,0.345091963385529,0.317483867009499,0.669093792280723
15.54292,0.0500351995373775,0.345027407690102,0.319028841380772,0.669708453962204
15.55944,0.0499597719572828,0.344972345479297,0.318086239688552,0.670190363268691
15.57638,0.0485753615809625,0.344421723371251,0.318808529150933,0.669622983255015
15.5927,0.0491614967346143,0.343899581717068,0.319452733266031,0.669135618371474
15.60919,0.0480002262827406,0.345291326562581,0.31922126598658,0.668795554068406
15.6257,0.0468923837001003,0.344630580032924,0.31975670836796,0.66836274495541
15.64227,0.0468295273833543,0.344064768349482,0.319430423166807,0.668535504895471
15.65883,0.0472538075213868,0.34381224165855,0.31920174464976,0.669322926517014
15.67541,0.0467101003815378,0.343929960867856,0.319048362717593,0.668877387724224
15.69197,0.0471202378483027,0.344229954981896,0.318864304398994,0.668568238357799
15.70854,0.0461915357683871,0.344286915889625,0.318663513505976,0.668228174054731
15.7251,0.0457971123808088,0.343263518247427,0.320041162133069,0.668437304508489
15.74217,0.0454105460328234,0.343086939433467,0.320554294415224,0.668675531373205
15.75823,0.0438218526270801,0.343827431233944,0.320113669955548,0.668850109838952
15.7748,0.0427894376245339,0.342479356417691,0.321407655710549,0.669088336703668
15.79137,0.0429010075867575,0.343840722112414,0.321683743188448,0.66867734989889
15.80795,0.042445299290352,0.343614777178422,0.321198498530322,0.668373656109519
15.8245,0.0421231606670314,0.343743888569275,0.320665844911345,0.668062688217408
15.84107,0.0414160271036442,0.343918568686311,0.317871504983519,0.667749901799613
15.85763,0.0424751560408061,0.343130609462726,0.316984678539358,0.668611882974235
15.8742,0.0466975291181891,0.34379895078008,0.31387520845999,0.668266363094112
15.89077,0.0652982846511161,0.341934430400416,0.307000909136544,0.668026317703712
15.90734,0.100119112720233,0.342300878906806,0.289495847532781,0.670334026797795
15.9239,0.135642360128981,0.341509122289373,0.271354948101132,0.67178521029431
15.94047,0.159211907500644,0.340461041587159,0.25745017875967,0.673227301162401
15.95704,0.18275474093769,0.34048382595025,0.242287677574447,0.67528223518629
15.9736,0.198545819112092,0.337819954165456,0.229264157152339,0.677077120037244
15.99017,0.207692984606488,0.336133911296678,0.21727247881935,0.678106405574873
16.0071,0.213760190580352,0.334652927695723,0.207785109124273,0.6794721183642
16.02337,0.218010849000271,0.334356730975531,0.199569415084974,0.680032224275136
16.03987,0.221758656886224,0.333648517022768,0.192583565265406,0.680643248905248
16.05644,0.221515088658835,0.331307423715105,0.187711597347329,0.681070602441189
16.07325,0.221241663680992,0.330509971006898,0.182399004969575,0.682034421054163
16.08959,0.221931511757274,0.330120738137416,0.178695528498363,0.68334375954726
16.10623,0.221614087357709,0.330058081138915,0.173870969541137,0.683485604550679
16.1227,0.220829954806308,0.328981519982836,0.170516088370303,0.683609264297249
16.13927,0.221552802448882,0.328801143775027,0.168176316714169,0.683694735004438
16.15589,0.219902824134312,0.327868883585196,0.165624599115405,0.68378929834005
16.17262,0.220316104416913,0.327263199266344,0.163845368702278,0.682267192341825
16.1891,0.21974254052661,0.327604964712717,0.161904390069775,0.682079884196284
16.20553,0.217460856228747,0.327899262735985,0.15945306791752,0.681405211167203
16.22224,0.215422740158272,0.327876478372892,0.158382183154759,0.681743456944586
16.23867,0.214666892949407,0.32754420641114,0.158789342465601,0.681599793415482
16.25523,0.212990200700219,0.327561294683459,0.157771444188498,0.681387025910354
16.27216,0.212105498042026,0.328332165634725,0.159818395792315,0.679783086256311
16.28837,0.211610504547655,0.328275204726996,0.161067761348868,0.6808050976912
16.30494,0.212267353057645,0.328392923936303,0.162621102007351,0.68029591049944
16.3215,0.211956214289755,0.328491656176366,0.163984806822428,0.679888560746032
16.33807,0.210774515534939,0.329129618342932,0.165200707230146,0.680006764915548
16.35464,0.209300534907255,0.32972960657101,0.166243704368875,0.6801086023539
16.3712,0.20893753967805,0.331267551079694,0.167119375763423,0.680692349098739
16.38777,0.207905124675504,0.33085933124097,0.167529323836668,0.680583237557647
16.40434,0.206850709962098,0.332252974783406,0.166597877194059,0.680121332033694
16.4209,0.205585726587593,0.331111857931901,0.167069178040169,0.680606878391551
16.43747,0.203541324885444,0.330289722163679,0.167108220713812,0.681665260340137
16.45404,0.202171057180391,0.331064390508794,0.166734526551807,0.681974409706563
16.47061,0.201968345558887,0.329699227420221,0.165172819606115,0.682825479727076
16.48717,0.20089193113462,0.329680240450978,0.166148886447173,0.683041884283574
16.50374,0.202571766199644,0.328949242135123,0.165883954018886,0.683738379620874
16.52031,0.209441961619933,0.328499250964063,0.165995504515006,0.686393427120765
16.53688,0.218722696787414,0.328960634316669,0.166609032243671,0.688775695767927
16.55344,0.235231908380633,0.329061265253657,0.168218148150214,0.692854648879061
16.57025,0.251654692538327,0.328546718387171,0.168812154542057,0.697275484818948
16.58674,0.265091801650607,0.329520749909337,0.169104974594374,0.700494275281144
16.60331,0.282234290635038,0.327935337977546,0.168831675878878,0.704411379606326
16.61971,0.294880981564243,0.327891667948287,0.167473548588607,0.707824752316802
16.63627,0.309578359827271,0.329184680553736,0.165783558572377,0.71014519109068
16.65284,0.320405360386692,0.32956631863552,0.165635754165017,0.711903705427935
16.6696,0.331900209311535,0.329030886102868,0.164255316775522,0.713680405022041
16.68615,0.34179850779104,0.328554313174868,0.162255774132555,0.715173414609308
16.70254,0.347626859761272,0.32736762759718,0.161650612691101,0.717399290047573
16.71921,0.356010321007209,0.326266383381085,0.159723577870613,0.71896685918792
16.73611,0.361068683097308,0.326949914273834,0.158619227959017,0.71966699157659
16.75244,0.365055344986895,0.327872680979044,0.156655939227289,0.720345301657041
16.76881,0.369800996901183,0.327020166060033,0.155732858871889,0.721441872645009
16.78577,0.371919254775509,0.327601167318869,0.15508586599439,0.722949430437755
16.80194,0.374831073648747,0.327829010949785,0.154383097868828,0.724175116749349
16.81851,0.378673166009818,0.327278388841738,0.153895064448299,0.725866345636266
16.8352,0.383255391500569,0.327031558241579,0.153359622066919,0.728690516024849
16.85164,0.388992601811519,0.32734104584024,0.152902265032824,0.732220274379156
16.86829,0.393012263267397,0.326828397670679,0.152581557356476,0.735619098884153
16.88486,0.399136039926332,0.327215731843236,0.1522329620561,0.738654218252179
16.90134,0.404224258766885,0.326131575899461,0.151987550964633,0.740769163623667
16.91791,0.410538175783976,0.325577156397565,0.151722618536346,0.743076872717751
16.93447,0.413849132268547,0.325837277876193,0.151538560217747,0.744684449423163
16.95138,0.417414656835939,0.327403702838742,0.150501140603823,0.746439326709051
16.96761,0.420977038587493,0.328195459456176,0.150448154118166,0.748987081193535
16.98417,0.422188594092763,0.329211262310676,0.150409111444523,0.749918166344182
17.00074,0.423730145260948,0.329780871387967,0.150367280008478,0.751414812982819
17.01731,0.424611705103305,0.330077068108158,0.150336603622045,0.752564121215649
17.03387,0.424885130081148,0.331062491811869,0.150305927235612,0.753735251756696
17.05044,0.424713846618016,0.331337802865894,0.150278039611581,0.754708162998095
17.06701,0.422793586141439,0.330318202617544,0.149424678316256,0.755481036414159
17.08357,0.420684756714626,0.329154301402948,0.148682867517053,0.756237543099059
17.10014,0.419333345904597,0.329699227420221,0.148886447172474,0.756359384319945
17.11703,0.418170504044804,0.329078353525975,0.149059350441462,0.756946768116153
17.13353,0.417658225063327,0.329699227420221,0.149209943611225,0.757979690705151
17.15021,0.416102531223875,0.330022005897353,0.149313127820136,0.758408862766778
17.1664,0.41448083825184,0.331015024388762,0.148685656279457,0.758736197390052
17.18297,0.413734419490486,0.331706150069208,0.148850193261234,0.759545441319813
17.19954,0.412071869912567,0.332509298868187,0.149028674055028,0.759729112413984
17.2161,0.411492020390589,0.331556153012187,0.148345427266288,0.759358133174273
17.23267,0.411086597147581,0.331633999586085,0.148549006921708,0.75959636003899
17.24924,0.411575305010277,0.332951695251549,0.148769319151547,0.759227199324963
17.2658,0.412505578498111,0.332885240859198,0.148922701083713,0.758983516883193
17.28237,0.413613421080752,0.332399174446578,0.149092815590298,0.758718012133204
17.29894,0.414351982802512,0.332964986130019,0.149209943611225,0.758547070718827
17.3155,0.415225685605275,0.334094710799978,0.148574105783335,0.75888895354758
17.33207,0.414615979332843,0.3345105254264,0.148791629250771,0.758154269170898
17.34864,0.415642108703714,0.33535354686079,0.148942222420534,0.758547070718827
17.3652,0.417248087596563,0.336145303478223,0.148320328404661,0.759416325996189
17.38234,0.417515226942732,0.336249731809059,0.148526696822485,0.760740212694765
17.39834,0.418830495370632,0.335841511970335,0.147151836957795,0.762249589013195
17.4149,0.419085063453452,0.333882056744457,0.146733522597342,0.763560746031977
17.43147,0.41916834807314,0.331531469952172,0.143922450095096,0.764393630795641
17.44816,0.418563356024464,0.33087262211944,0.141114166355255,0.766212156480498
17.46479,0.418247503032817,0.328330266937801,0.139758827827386,0.767254171697921
17.48117,0.417266944491587,0.327449271564925,0.137232209090251,0.768388931725272
17.49787,0.415939104800337,0.327229022721706,0.136663301560034,0.76936184296667
17.51431,0.414593979621982,0.325087292591095,0.137419056171252,0.769543695535156
17.53087,0.414155556812682,0.326224612048751,0.137564071816209,0.770867582233732
17.54744,0.413875846203164,0.325856264845436,0.138191543356889,0.771374950899807
17.56457,0.413498708302691,0.325290453161995,0.138277994991383,0.771927782708003
17.58057,0.413644849239124,0.326951812970759,0.138300305090607,0.772431514322709
17.59714,0.412994286360808,0.328110018094582,0.138105091722396,0.772758848945982
17.61371,0.412255724639048,0.329370752852318,0.13586571551277,0.773599007812387
17.63027,0.411763873960514,0.329731505267935,0.135087650802328,0.773791771534982
17.6472,0.410783315419283,0.329171389675266,0.135706756055798,0.774002720514425
17.66341,0.410916885092368,0.328434695268637,0.134158992922121,0.774646478606864
17.68028,0.41008246748757,0.32807394285302,0.133213602467497,0.775235680928758
17.69654,0.409783899983029,0.327713190437403,0.132449481569069,0.775241136505812
17.71343,0.409603188072385,0.328248622970056,0.131325610320652,0.774717401108573
17.72968,0.408053779864607,0.327379019778726,0.130851520712139,0.774797416238708
17.74627,0.4053383869812,0.327935337977546,0.129097389160639,0.775399348240394
17.7629,0.400826874846788,0.328166979002311,0.128126899844387,0.775928539214688
17.77938,0.39666892949407,0.329754289631026,0.126637700721174,0.775855798187294
17.79602,0.391187858673857,0.330785282060922,0.122817096229036,0.776288607300289
17.81251,0.387787331937923,0.332708662045238,0.119607230703159,0.778185329589595
17.82924,0.383535102110086,0.333874461956759,0.116059924926516,0.779363734233382
17.84564,0.378052459881956,0.333802311473636,0.11225047548399,0.781855114421636
17.86288,0.37077526981074,0.331611215222992,0.108979257185246,0.784570173269127
17.87883,0.363311082197205,0.329032784799792,0.107300422218628,0.787676215138862
17.89537,0.355856323031183,0.324248068550554,0.103939963522988,0.791064128489751
17.91236,0.349217124574934,0.32246709083556,0.102841191136198,0.792928117316729
17.92847,0.339716392298844,0.318122872272759,0.100852803542843,0.795621353856002
17.94509,0.332640342441213,0.314796355261384,0.0993161954587796,0.79800544102885
17.96236,0.324203453326042,0.310900229172719,0.09784930643479,0.801522469703362
17.97854,0.316501983116793,0.307670545704483,0.0981672253487354,0.805585056083333
17.99478,0.309840784949683,0.306147790771194,0.0977266008890572,0.808880224624292
18.01131,0.301947602974361,0.302466217434975,0.0972469337557375,0.812353608682369
18.02788,0.295168549213353,0.29989917919332,0.0961509501313507,0.81437580924393
18.04448,0.285675673976856,0.296563168697323,0.0982564657456322,0.815548758310662
18.06101,0.277589208827541,0.29423536626813,0.102478652023805,0.815481472860323
18.07757,0.271317719824254,0.293734110280115,0.107944626333726,0.815572399144566
18.09455,0.264400382166406,0.293886006034059,0.114712952685857,0.815019567336369
18.11071,0.259681444186734,0.295048008551731,0.122808729941826,0.814086663660037
18.1273,0.256720911668018,0.297193536076191,0.135402780953868,0.813199223125828
18.14384,0.254728366427184,0.298480852590867,0.14912349197673,0.810935158648181
18.16041,0.254203516182359,0.301866229206895,0.169818897769548,0.807940046845222
18.17699,0.256040492039247,0.309517977811828,0.196306563073439,0.804308451052563
18.19373,0.26291854449913,0.320575988698956,0.229989235377125,0.800238590569853
18.21011,0.271017580911793,0.33855854726901,0.269274531348479,0.796168730087144
18.22668,0.280582740912548,0.354957592604196,0.318819684200546,0.793217262900621
18.24331,0.291643881251846,0.367629495876979,0.368364837052613,0.791160510351048
18.26012,0.317576826133142,0.38821516793025,0.445050225610879,0.78891826818162
18.27638,0.349254838364982,0.416805746216371,0.522658694524544,0.785734029707436
18.29295,0.390993004091946,0.465165556878315,0.633394872023693,0.778028936380697
18.30976,0.425994544071707,0.511715909371399,0.728427528431433,0.774040909553806
18.32608,0.484487061027198,0.608228572730535,0.822838290823298,0.766012118655164
18.34265,0.539816333842469,0.686456784708655,0.852959713538325,0.761764042655338
18.35921,0.576009001024558,0.733026124170982,0.814274001483622,0.763362526732328
18.37578,0.591432369745998,0.779352430426998,0.725582990780352,0.769172716295445
18.39234,0.58698528533625,0.79703879227686,0.649092815590298,0.777206962771142
18.4091,0.570091078802964,0.800625430766865,0.559646050275808,0.790325807061699
18.42571,0.548399363894074,0.79622614999326,0.486943014429057,0.804690341446383
18.44237,0.524526534794114,0.788671234931466,0.441120859385022,0.817507310473253
18.45861,0.492009390733722,0.77035640439966,0.396980328070009,0.836749130744723
18.47518,0.462971343805196,0.749451751263108,0.392256164559291,0.850559014795525
18.49174,0.437926244397931,0.731038188491238,0.464091895298705,0.862392161426889
18.50891,0.425530978735708,0.728364823221822,0.581200394888756,0.85849869793561
18.52488,0.41554311000484,0.725102861905874,0.753216837431885,0.842182885491075
18.54151,0.411030026462509,0.750412491906805,0.90868755263789,0.828574857791292
18.58957,0.411408735770901,0.761364175766172,0.931109202358177,0.825885258303388
18.60379,0.384495232348375,0.786292167685318,0.938507789013391,0.802731789283792
18.62035,0.378619738140585,0.777180321145598,0.864661360581401,0.807974598833234
18.63692,0.381165418968779,0.755626313660934,0.772291972268547,0.817276357711276
18.65349,0.397464061900901,0.7194637320407,0.685901690547768,0.82884399959265
18.67005,0.413102713507194,0.688615603111585,0.617925606974136,0.842035584910602
18.68662,0.427014387810903,0.64904486051223,0.535983401286177,0.858840580764363
18.70319,0.438416523668546,0.613222145641446,0.47496249114568,0.870115440010475
18.71975,0.468988264725664,0.571460306791449,0.410257625870791,0.882408673640107
18.73639,0.50974272909556,0.530216812201786,0.362597676403166,0.890395638447998
18.75289,0.539927903804693,0.498257945571954,0.333424432905165,0.896447691927201
18.76945,0.567392971406662,0.463633308460404,0.297262550825195,0.901954187700947
18.78666,0.581980351115385,0.437687614989833,0.270760941709288,0.905700350611752
18.80298,0.596871012552406,0.410560932032347,0.241972547422905,0.907766195789749
18.81922,0.606290031616728,0.390719549173403,0.224227652252484,0.909755662888983
18.83572,0.614637350480537,0.370262988510985,0.205950103463086,0.910812226311885
18.85229,0.621403832978195,0.349491244159133,0.19338115131267,0.910148464436912
18.86885,0.626191912906287,0.333857373684441,0.184381815038122,0.910306676171494
18.88544,0.62953586895715,0.316539359037893,0.174004830136482,0.910710388873533
18.90199,0.630257145191806,0.303679484769603,0.167278335220396,0.910323042902658
18.91855,0.630362429522355,0.289682291043657,0.156112130558701,0.909228290440374
18.93529,0.626421338462408,0.275914839645551,0.146513210367503,0.907589798798319
18.95168,0.623896085937156,0.267630824964826,0.142154374731582,0.907015144681904
18.96825,0.620005279930606,0.258141137737171,0.137714664985973,0.906387753320628
18.98482,0.618213874903358,0.252465932630436,0.135174102436821,0.906995140899371
19.00142,0.618367872879385,0.244582543000739,0.131769023542732,0.906902396089443
19.01808,0.623745230776967,0.238398487118291,0.128868710643591,0.906820562433624
19.03452,0.631506414487124,0.235540948247218,0.125745296752207,0.907377031293191
19.05108,0.646235220908525,0.233818830136878,0.121308375769002,0.909799307505419
19.06765,0.660403034702973,0.231568874281581,0.118212849501648,0.911603284984797
19.08444,0.678504082517772,0.228718930198205,0.114077114857969,0.913427266246708
19.10095,0.700693933736871,0.22630188901357,0.111288352454948,0.914463825887077
19.11754,0.718070562501178,0.223727255984219,0.108485646239912,0.915203965840814
19.13411,0.74263481108534,0.222534874315757,0.107250224495373,0.915989568936672
19.15049,0.76239840847806,0.222033618327742,0.10576939165937,0.916536945167814
19.16705,0.78561281766011,0.222138046658578,0.105755447847354,0.918193622066718
19.18365,0.804480712539206,0.221714637244459,0.107643439994199,0.91849004175335
19.20029,0.827520695442288,0.222481710801877,0.109704335410031,0.918859202467376
19.21699,0.849041126888047,0.223645612016473,0.111472410773547,0.91760260121914
19.23332,0.864711206652712,0.225261403099053,0.112707832518085,0.917966306356111
19.24988,0.88229526126228,0.225999996202607,0.113310205197138,0.918844654261897
19.26645,0.895495087778846,0.226791752820039,0.113522151139768,0.919562971907415
19.28302,0.908328776250369,0.22734807101886,0.11394046550022,0.920230370833758
19.29959,0.917936364264927,0.226214548955052,0.115111745709489,0.920306748912522
19.31615,0.925809117937307,0.22681833457698,0.115304170315297,0.920370397311492
19.33272,0.932072749901001,0.225221530463643,0.116283025918758,0.921437871888503
19.34929,0.936401978716851,0.226053159716487,0.116963483945095,0.921874318052868
19.36585,0.940765778506911,0.225103811254336,0.115390621949792,0.921656094970685
19.38242,0.94316846121451,0.223717762499597,0.115569102743585,0.919957591981029
19.39923,0.942187902673279,0.22259373392041,0.113971141886654,0.919022869779013
19.41555,0.939491366684895,0.222667783100458,0.111985543055703,0.916731527416093
19.43212,0.938449523234837,0.222200703657081,0.10996090155111,0.916118684260297
19.44869,0.934546145964938,0.222899424125223,0.106965770730266,0.914205595239828
19.46525,0.929390356583885,0.222979169396044,0.102818881036974,0.910477617585871
19.48182,0.924987271595859,0.222996257668363,0.101845602958319,0.907984418871932
19.4985,0.920819897795628,0.223015244637606,0.0999715546234894,0.905694895034698
19.51495,0.920101764376811,0.22197096132924,0.0977767986123124,0.903796354219707
19.53152,0.919718340844663,0.22156464018744,0.0933510326787178,0.900030187526369
19.54809,0.922328449397522,0.221222874741066,0.0902638726985745,0.898735397238751
19.56475,0.92647539489481,0.22152476755203,0.0852524666603454,0.897784308305571
19.58207,0.929120074421879,0.221750712486021,0.0818334439542421,0.89589304159332
19.59778,0.928351655949665,0.221355783525767,0.0784199987729443,0.895087434714928
19.61435,0.926748819872653,0.221084269865592,0.0734811005571952,0.895134716382734
19.63092,0.927625665491253,0.22190450693689,0.0719110273242942,0.894416398737216
19.64748,0.931049763345967,0.220987436322452,0.0703297990417809,0.893485313586569
19.66405,0.932792454727737,0.220731112237671,0.0698835970572983,0.892970670817755
19.68062,0.938674234567202,0.221116547713304,0.0686565415999686,0.893799918530049
19.69718,0.951250212140069,0.220915285839329,0.0659486533066359,0.895734829858737
19.71375,0.960601660663888,0.221720333335232,0.0643590587369135,0.897033257197725
19.73032,0.971354805051133,0.221300721314962,0.0638180388307274,0.899857427586307
19.74689,0.982324803731151,0.220533647757544,0.0633774143710504,0.902281522324221
19.76347,0.988486294180133,0.220797566630022,0.0637315871962341,0.904931114247058
19.78002,0.995703770750441,0.220605798240668,0.0641164364078515,0.907217001032923
19.79659,0.998555876122771,0.220894400173161,0.0635949378384868,0.908257197724661
19.81315,0.999871144550672,0.221192495590277,0.0623985587675908,0.910024804690341
19.82981,1,0.220894400173161,0.0628642820888947,0.911210483436868
19.84628,0.997168322930613,0.221209583862595,0.0665705473225097,0.912077920188545
19.86298,0.988898003054816,0.220457699880573,0.0704915472611564,0.913274510089181
19.88002,0.98260294293275,0.220778579660779,0.0756619127563576,0.913620029969303
19.89599,0.972395077093272,0.220539343848317,0.0814541722674315,0.913072653738162
19.9128,0.962627205471014,0.220300108035855,0.0853668059188691,0.911355965491657
19.92924,0.950907645213806,0.220733010934596,0.0905734253253097,0.909571991794813
19.94569,0.939433224591905,0.22059820345297,0.0966947587999402,0.907555246810306
19.96225,0.929382499544291,0.219833028592477,0.10205754890095,0.904900199310415
19.97882,0.917436656546799,0.220835540568508,0.108033866730622,0.902003287894439
19.99539,0.907261790273613,0.221097560744061,0.112861214450251,0.90052846356402
20.01196,0.894349531406158,0.221384263979631,0.116475450524566,0.898795408586351
20.02852,0.884993368658584,0.221031106351711,0.119548666692695,0.897175102201143
20.04509,0.873600661248452,0.22077478226693,0.122239822411611,0.894872848684115
20.06182,0.859693701168499,0.219637462809274,0.125416222788651,0.892610602732153
20.07822,0.851124813788161,0.219550122750756,0.125859636010731,0.890593857747647
20.09478,0.841312942744181,0.219601387567712,0.125346503728575,0.887647846138179
20.11135,0.829847950569792,0.218538117290104,0.124905879268899,0.885147373321501
20.12792,0.820208934396862,0.21856280035012,0.124599115404565,0.881948586641838
20.14449,0.809491932391745,0.21811660657291,0.122713912020124,0.8781824199485
20.16105,0.801757462616206,0.218154580511395,0.121009978191878,0.876809433056433
20.17762,0.792288158498488,0.216711570848927,0.122686024396093,0.875858344123253
20.19418,0.786513234397491,0.214129343031878,0.123444567769716,0.873677931827109
20.21075,0.780570169649198,0.213254043749775,0.126397867154514,0.870582801111483
20.22732,0.775950230368401,0.212454692344644,0.129749959562945,0.868424211123558
20.24405,0.774268823895458,0.21151673606404,0.132086942456676,0.867111235579092
20.26056,0.773621403832978,0.211514837367115,0.134633082530635,0.863870622808677
20.27728,0.771790713607764,0.212291404409154,0.136409524181358,0.861506539418363
20.29358,0.770550872759958,0.214896416589295,0.139895477185135,0.859557079884196
20.31015,0.767668910637175,0.215488810029677,0.142912918105203,0.858473238576022
20.3269,0.76513422966441,0.216396387159493,0.143738391776497,0.856247363137757
20.34344,0.761725845888883,0.216778025241278,0.144639162032674,0.853030391201246
20.3602,0.759001024557963,0.216952705358313,0.146080952195035,0.851879264442731
20.37669,0.756027920775898,0.217288774713914,0.146649859725252,0.850837249225308
20.39316,0.753083102336369,0.216316641888672,0.147048652748884,0.849471536435981
20.40976,0.749129440013074,0.216204618770139,0.145807653479539,0.847196560804225
20.42612,0.742238816289843,0.217687501068017,0.145651482784969,0.847312946448055
20.44269,0.737623591232801,0.21794952124357,0.145542721051253,0.846916507848757
20.45925,0.730945107578586,0.218145087026774,0.14618692516635,0.846589173225483
20.47582,0.728185715273456,0.217611553191045,0.146638704675639,0.847252935100456
20.49238,0.724265052516452,0.216781822635126,0.146317996999292,0.847362046641547
20.50895,0.720913239425996,0.217157764626138,0.144563865447792,0.84898053450107
20.52591,0.717933850012257,0.216736253908942,0.144413272278029,0.850444447677379
20.54209,0.714615036488092,0.21871279740714,0.145219224612502,0.852126583935871
20.55929,0.712759203736179,0.218129897451379,0.145015644957081,0.853741434744025
20.57611,0.70871754256944,0.217226117715412,0.145735145657061,0.854459752389543
20.59179,0.706203289899618,0.218093822209817,0.146354250910531,0.85557450863436
20.60835,0.703079330957365,0.220294411945083,0.146022388184571,0.855254448113825
20.62494,0.699087954844022,0.222889930640601,0.145813231004345,0.854232436678936
20.64149,0.694519872024539,0.223469033202513,0.144706092330346,0.853521393136157
20.65805,0.690418497356892,0.225548106334623,0.141554790814933,0.853257706911853
20.67462,0.685499990571552,0.226913269423195,0.139337724704531,0.85265759343585
20.69119,0.682228319284946,0.228473998294971,0.136108337841832,0.852486652021473
20.70775,0.678046802813449,0.228223370300962,0.13414783787251,0.851328251160219
20.72462,0.675046985096767,0.228206282028644,0.132781344295029,0.849407888037011
20.74128,0.672793586141439,0.22638163428439,0.131289356409412,0.847127456828201
20.75755,0.670826183427303,0.22547215845765,0.130249148033086,0.844597887600564
20.77402,0.666091531368444,0.225660129453156,0.129953539218366,0.841502756884938
20.79058,0.662023156267089,0.224213322396839,0.128860344356381,0.838343977770342
20.80715,0.659001338839547,0.222971574608347,0.127901010089743,0.835554359369772
20.82372,0.655449956943423,0.22081465490234,0.127097846517672,0.833704918748273
20.84029,0.65274084969169,0.218917856674964,0.125703465316162,0.831175349520637
20.8569,0.649725317895822,0.219529237084589,0.12757472488859,0.828902192414566
20.87342,0.647068067105404,0.218948235825753,0.129133643071878,0.826978192239987
20.88999,0.643947250978987,0.218889376221099,0.129989793129605,0.825221496428416
20.90676,0.640315727279013,0.218446979837738,0.130444361401298,0.823304770356577
20.92313,0.637083341190373,0.217359026500113,0.131124819427635,0.822466430015858
20.94076,0.631812839031258,0.21658056076115,0.130703716304778,0.821468059414872
20.95735,0.628148315764992,0.215897029868402,0.130293768231535,0.820578800354977
20.9739,0.624952072058482,0.213962257702539,0.129367899113731,0.821097080175161
20.99046,0.621394404530683,0.213126831055847,0.12840577608469,0.820837031002226
21.00759,0.618556441829622,0.213166703691257,0.128461551332749,0.819784104630694
21.02393,0.615875619920424,0.212363554892277,0.127652810235874,0.819616800267687
21.04066,0.613507508187035,0.212597094613967,0.126724152355668,0.818771185824228
21.05686,0.611111111111111,0.212963543120357,0.127956785337802,0.818662074283137
21.0733,0.609024281395159,0.212693928157106,0.130321655855565,0.817672796310576
21.08986,0.60861885815215,0.212507855858524,0.130801322988884,0.817320002327713
21.10643,0.606494314646151,0.212967340514205,0.129591000105973,0.81704904200067
21.123,0.601706234718058,0.213597707893073,0.128746005097857,0.816430743267818
21.13956,0.598795987252739,0.213886309825567,0.127873122465713,0.815756070238736
21.15613,0.594051906746368,0.21520780288488,0.127075536418449,0.81469405123878
21.1727,0.588874117654454,0.214473007175176,0.126517783937844,0.814344894307288
21.18927,0.582368488871289,0.214655282079908,0.124311872877055,0.813468364927186
21.20583,0.57586757431188,0.215090083675573,0.124072039310395,0.812762776961462
21.22254,0.567202831048506,0.212940758757265,0.123812684406914,0.811593464946099
21.23923,0.558013237540306,0.211697112271848,0.125092726349901,0.809531256819472
21.25553,0.552503881377559,0.210293975244789,0.123927023665438,0.807672723569548
21.2721,0.545863111513391,0.209959804586113,0.123687190098778,0.805137698764857
21.28867,0.540847177437097,0.208203509931135,0.123570062077852,0.80428117316729
21.30523,0.536714374611077,0.207594028218434,0.124191956093724,0.802208053886553
21.3218,0.534577259841728,0.206629490180889,0.12396606633908,0.80173523720849
21.33837,0.532674284852256,0.205723811747998,0.124507086245267,0.800567743718812
21.35508,0.530527741635396,0.204444090021019,0.124183589806515,0.800047645372943
21.37153,0.529544040278328,0.205497866814005,0.123174057816622,0.800880530136608
21.38839,0.528783478845706,0.205304199727727,0.123040197221277,0.800380435573273
21.40467,0.528027631636842,0.204618770138054,0.12218404716355,0.800613206860934
21.42124,0.526189084372034,0.204079540211553,0.122189624688356,0.800647758848946
21.43795,0.524152539709478,0.204658642773465,0.122959323111589,0.801191498028718
21.45437,0.524207538986631,0.205154202670707,0.123692767623585,0.800615025386619
21.47104,0.524589391110859,0.2055130563894,0.122674869346482,0.80008765293801
21.4875,0.525147240921976,0.205338376272365,0.123433412720103,0.799858518701718
21.50407,0.525450522650274,0.2046301623196,0.123263298213519,0.798956529962029
21.52064,0.524782674284852,0.203424489772669,0.123118282568562,0.798663747326768
21.5372,0.523973399206754,0.20350423504349,0.121414348740316,0.798565546939785
21.55377,0.521792285015682,0.203075129538598,0.121550998098064,0.798920159448332
21.57034,0.520480159403619,0.202627037064463,0.120839863685294,0.798792862650392
21.5869,0.518779896035652,0.202319448162726,0.121037865815908,0.798538269054512
21.60367,0.516026789362197,0.202625138367539,0.121205191560089,0.798352779434657
21.62004,0.514890661437021,0.201677688602313,0.121322319581016,0.797263482549428
21.63661,0.513562821745771,0.200382777299939,0.121400404928301,0.797239841715524
21.65317,0.510003582810055,0.201316936186696,0.121495222850004,0.796807032602529
21.66981,0.506687912101727,0.201163141735827,0.121696013743021,0.796336034450151
21.68631,0.505278359198707,0.202055529290248,0.122566107612764,0.796008699826876
21.70319,0.502577108986567,0.202332739041196,0.124116659508844,0.796163274510089
21.71944,0.499046155393386,0.202017555351762,0.124688355801462,0.796326941821726
21.73601,0.496682757883754,0.20172515602542,0.126793871415744,0.795503149686487
21.75257,0.496151622007253,0.202602354004447,0.128511749056004,0.793688261052999
21.76914,0.494577071272778,0.202209323741117,0.13099095883229,0.792091595501695
21.78571,0.493022948841244,0.202482736098216,0.133690480838413,0.790198510263759
21.80227,0.493841652366855,0.20107200428346,0.136010731157726,0.789103757801475
21.81884,0.493906080091519,0.201960594444033,0.136005153632921,0.789605670890495
21.83541,0.494061649475464,0.202387801252001,0.138361657863473,0.789843897755212
21.85197,0.494987208739543,0.20319095005098,0.138922199106481,0.790260340137044
21.86854,0.495138063899731,0.203291580987968,0.139691897529715,0.791225977275703
21.88511,0.496131193704311,0.204419406961003,0.140327735357603,0.792057043513683
21.9017,0.497289321340348,0.203817520035999,0.139850856986687,0.792218892299635
21.91824,0.499336865858334,0.2049035746767,0.138938931680899,0.792940846996523
21.93481,0.499671575745004,0.205351667150835,0.139385133665383,0.793531867844102
21.95169,0.500062856316746,0.205180784427648,0.140087901790943,0.794581157164264
21.96794,0.50035828100545,0.204529531382612,0.140740472193251,0.796496064710418
21.9845,0.501018272331278,0.203914353579139,0.141814145718413,0.797190741522034
22.00107,0.501206841281515,0.202906145512335,0.142224093791657,0.797694473136738
22.01826,0.502698107396303,0.201404276245213,0.142366320674211,0.797161645111076
22.0342,0.504437655962236,0.202344131222742,0.143459515536196,0.797138004277173
22.05132,0.504604225201611,0.202028947533308,0.144223636434623,0.79671792484397
22.06734,0.504256944051593,0.20229476510271,0.144315665593923,0.796257837845702
22.0839,0.503959947954969,0.203025763418566,0.145135561740412,0.796363312335424
22.10047,0.503334527603352,0.20263463185216,0.14570725803303,0.795501331160801
22.11704,0.502764106528886,0.203399806712653,0.14716578076981,0.793128155142064
22.1336,0.503607952581195,0.203485248074247,0.14910397063991,0.791595137989729
22.15017,0.504304086289151,0.203006776449323,0.153186718797932,0.788216317267265
22.16674,0.504497369463144,0.202015656654838,0.156034045211417,0.785690385090999
22.1833,0.506414487123884,0.201744142994663,0.15674796838659,0.783160815863364
22.19987,0.508488745576487,0.201529590242217,0.15900965469544,0.781020411132287
22.21644,0.513433966296443,0.201899836142456,0.160166991092693,0.780211167202525
22.2333,0.518083762327695,0.201677688602313,0.162685243542621,0.778485386327597
22.2502,0.524766960205666,0.202025150139459,0.163346180232136,0.778530849469718
22.26614,0.528049631347702,0.201681485996161,0.165025015198756,0.779700161485081
22.2827,0.533755413500279,0.201409972335986,0.163756128305381,0.781162256135706
22.29927,0.537822217193717,0.201170736523524,0.162191632597287,0.782573432067155
22.31595,0.541260457719698,0.201637815966902,0.160484910006637,0.785139371808488
22.3324,0.544440987347023,0.203046649084734,0.159294108460548,0.786625107293015
22.34897,0.546875098212995,0.20214476804569,0.157997333943143,0.788621848494989
22.36572,0.549934629430585,0.201337821852863,0.156884617744338,0.789818438395624
22.3821,0.551271897569346,0.202213121134965,0.156106553033894,0.790238517828826
22.39867,0.552755306644541,0.20248463479514,0.1544500281665,0.791178695607897
22.41524,0.552370311704475,0.203762457825195,0.15395083969636,0.791938839344167
22.4318,0.554210430377201,0.204952940796732,0.153409819790174,0.792684434874959
22.44931,0.555777124072083,0.204839018981274,0.152944096468869,0.791798812866433
22.46494,0.558206520714299,0.205862416623471,0.152617811267716,0.792537134294485
22.4815,0.561454620882125,0.206105449829782,0.152266427204935,0.791173240030842
22.49825,0.560959627387754,0.205344072363137,0.152018227351067,0.789849353332266
22.51464,0.562432036607519,0.205271921880014,0.150938976301098,0.789878449743224
22.5312,0.561823901743005,0.207286439316697,0.149195999799209,0.789791160510351
22.54777,0.559609787985644,0.207362387193669,0.148512753010469,0.79037490725519
22.56434,0.555935836271866,0.204728894559664,0.148738642765114,0.790811353419556
22.5809,0.554122431533757,0.205165594852253,0.148933856133325,0.790658597262028
22.59747,0.553024017398629,0.206158613343663,0.149101181877507,0.790511296681555
22.61404,0.552052887304909,0.206961762142642,0.149243408760061,0.790383999883615
22.6307,0.552634308234806,0.204442191324094,0.148579683308142,0.789663863712411
22.64728,0.552661022169422,0.203325757532606,0.148055395976374,0.787087012816969
22.66374,0.553658866197759,0.203435881954215,0.14829244078063,0.785732211181751
22.68037,0.55436128553739,0.201389086669819,0.148549006921708,0.784257386851332
22.69687,0.553790864462924,0.201134661281963,0.147893647756998,0.783740925556833
22.71344,0.552727021302005,0.201609335513038,0.14663033838843,0.783091711887339
22.73001,0.552255598926414,0.202015656654838,0.147121160571361,0.781007681452493
22.74657,0.552425310981627,0.202275778133468,0.147464178346934,0.781393208897683
22.76314,0.553369727140729,0.205271921880014,0.147837872508939,0.781076785428518
22.77971,0.554230858680143,0.205190277912269,0.147335895276394,0.781471405502131
22.79627,0.556669683769871,0.207774404426242,0.146942679777569,0.782667995402767
22.81284,0.554688138384467,0.211617367001027,0.147391670524455,0.784706562695491
22.82941,0.553179586782574,0.212384440558445,0.147704011913594,0.784653825450631
22.84597,0.54815108144293,0.21334897859599,0.148044240926761,0.785401239507107
22.86254,0.545132406831224,0.213950865520993,0.148281285731019,0.785283035337592
22.87911,0.539505195074579,0.214237568756563,0.146942679777569,0.784368316918108
22.89567,0.53613295368118,0.213631884437711,0.147305218889962,0.783326301700685
22.91224,0.529558182949596,0.213430622563734,0.146103262294259,0.78218972314765
22.92884,0.523010126152628,0.214343895784323,0.145832752341166,0.781742365829175
22.9455,0.517844908324062,0.213407838200643,0.142452772308705,0.781875118204169
22.96194,0.513435537704361,0.211528128245585,0.142748381123425,0.782469776103118
22.97856,0.509434733143507,0.211735086210334,0.141967527650579,0.782720732647628
22.99508,0.505327072844185,0.211197754980757,0.143119286523027,0.78371001062019
23.01167,0.502671393461686,0.209648418290527,0.144106508413697,0.784575628846182
23.0282,0.500391280571741,0.209551584747388,0.144795332727243,0.784568354743442
23.04477,0.498447448976385,0.209891451496838,0.145545509813655,0.785281216811906
23.06134,0.496624615790764,0.208710462009923,0.146069797145423,0.785144827385542
23.07791,0.496087194282589,0.208064905055661,0.14585506244039,0.786321413503645
23.09447,0.496150050599335,0.20972056877365,0.14645464635704,0.787332513784425
23.11104,0.497306606827453,0.209633228715133,0.146875749479896,0.788036283224464
23.12808,0.500224711332365,0.209344626782639,0.147333106513992,0.788803701063474
23.14417,0.501816547553947,0.209316146328774,0.147651025427936,0.789885723845964
23.16074,0.503653523410835,0.208550971468281,0.147999620728313,0.790391273986354
23.17742,0.505268930751196,0.206386456974578,0.149053772916655,0.791740620044518
23.1939,0.508878454740309,0.206069374588221,0.149201577324016,0.791984302486289
23.21044,0.511952128629166,0.205845328351153,0.153270381670022,0.792740809171189
23.22701,0.513515679508212,0.205063065218341,0.154556001137815,0.792824461352692
23.24361,0.51364453495754,0.204867499435138,0.155481870255618,0.792946302573577
23.26022,0.515472082366917,0.20583963226038,0.156418894423033,0.792491671152364
23.2767,0.516268786181667,0.205632674295631,0.155526490454067,0.79208613992464
23.29327,0.518713896903069,0.20540672936164,0.154762369555639,0.792764450005092
23.30984,0.519543600284111,0.204708008893496,0.15499383683509,0.793342741172877
23.3264,0.521932140320441,0.204597884471887,0.154988259310284,0.791853368636978
23.34297,0.522335992155532,0.205097241762978,0.155242036688958,0.791013209770575
23.35986,0.523520833726185,0.205465588966293,0.154516958464173,0.79087682034421
23.37611,0.524526534794114,0.206919990810307,0.154681495445951,0.792286177749975
23.39267,0.525104812908173,0.208258572141939,0.154157208114183,0.791924291138688
23.40924,0.525037242367672,0.209838287982958,0.153585511821564,0.792144332746556
23.42581,0.523756544913981,0.211362941613171,0.153998248657211,0.792295270378399
23.44238,0.523772258993168,0.211951537659705,0.153448862463816,0.791451474460625
23.45894,0.522438133670243,0.212959745726508,0.153789091476985,0.791238706955497
23.47551,0.522854556768683,0.21410845736571,0.154943639111836,0.79202249152567
23.49224,0.523050982758512,0.214877429620052,0.155908550903281,0.79222798492806
23.50903,0.522467990420697,0.214752115623048,0.157679415029199,0.793397296943422
23.52525,0.521884998082882,0.215819183294505,0.158903681724125,0.793408208097531
23.54221,0.521449718089419,0.216086899560832,0.16025623148959,0.792886291225978
23.55834,0.521440289641908,0.216559675094983,0.162763328889905,0.791924291138688
23.57491,0.521393147404348,0.219650753687744,0.163293193746479,0.790554941297991
23.59153,0.521470146392362,0.218441283746965,0.164980395000307,0.788803701063474
23.60804,0.51967088432552,0.219639361506198,0.166820978186301,0.786894249094375
23.6251,0.519461887072341,0.219468478783011,0.167267180170784,0.785563088293059
23.64117,0.518347758858026,0.219481769661481,0.168042456118824,0.782024237310328
23.65821,0.51521594287618,0.218934944947283,0.168918127513372,0.778860002618677
23.6743,0.514084529174759,0.218179263571411,0.168923705038179,0.776959643278002
23.69087,0.509331020220877,0.217740664581898,0.170276254803643,0.774153658146268
23.70744,0.501631121419547,0.215314129912641,0.177744560518933,0.77177684507616
23.7246,0.494627356326174,0.214286934876594,0.18966930855425,0.769158168089967
23.74058,0.487282595714456,0.214480601962873,0.205425816131317,0.765866636600375
23.75769,0.479555982978509,0.214953377497024,0.220711022862275,0.762775142936119
23.7737,0.470734098923271,0.215099577160195,0.238316479912545,0.757332295561342
23.79027,0.463090770807012,0.212752787761759,0.2522156717292,0.752587762049552
23.80699,0.452680193346031,0.212606588098588,0.267729556977205,0.747013980825465
23.82341,0.443517313772448,0.210561691511116,0.278993368323006,0.741383825305149
23.83999,0.431793039291483,0.210174357338559,0.292304131272623,0.735335408877315
23.85654,0.421296034394977,0.209321842419548,0.306119660217189,0.728648689934097
23.87311,0.411614590208243,0.20817502947727,0.317015354925791,0.724066005208258
23.88968,0.399527320498073,0.205980135832778,0.328153671963456,0.718410390328353
23.90683,0.389680878479883,0.204662440167313,0.336519959172518,0.712916624234401
23.92359,0.379375585349449,0.202946018147745,0.347292948335388,0.706842748446979
23.93937,0.370525415951676,0.200937196801835,0.361270225499328,0.701098025808516
23.95594,0.363546793385001,0.19966317116563,0.375434349744271,0.695504240801898
23.9725,0.353838635263651,0.197627768062779,0.394891545030147,0.688790243973406
23.98929,0.346542588297411,0.196180961006462,0.41243564930755,0.68303642870652
24.00575,0.338806547113952,0.196215137551099,0.437743668114965,0.675484091537309
24.02233,0.331403644409245,0.194914530157953,0.462401905282473,0.668686442527314
24.03877,0.324003884520375,0.193031022809046,0.495551923967182,0.660624918166345
24.05538,0.314108728856706,0.192470907216378,0.531108644605697,0.652659775666672
24.07191,0.303366584324892,0.191956360349892,0.56799281614805,0.644791015028296
24.08847,0.294651556008121,0.191027897553909,0.600311783636657,0.637551464276881
24.10504,0.285796672386591,0.19076777607528,0.624147335895276,0.631319376754878
24.1216,0.27955346872584,0.192284834917796,0.640146465801406,0.62697310036807
24.13817,0.270125021214007,0.195079716790367,0.655944804814519,0.622763213407627
24.15474,0.262948401249584,0.197728398999766,0.663452153203451,0.619944498596099
24.1713,0.255935207708698,0.197546124095034,0.663351757756942,0.618269636440345
24.18787,0.248180309630216,0.199944178310426,0.653939684646748,0.61802049842152
24.20444,0.244638356181604,0.202748553667618,0.642600576716064,0.61923345505332
24.22117,0.253788664491838,0.205205467487663,0.632934726227194,0.620726464640587
24.23757,0.284242549955058,0.222720946614338,0.64329776731682,0.621733927869997
24.25414,0.326904703538182,0.27567560383309,0.678112677156131,0.612830426116939
24.2707,0.347851571093637,0.307530042132085,0.734501452945212,0.580664343803192
24.28744,0.365074201881918,0.328330266937801,0.830616149165323,0.540976839256878
24.30384,0.374834216464584,0.384055122969107,0.928883769960566,0.509852772160554
24.32041,0.382199405379244,0.433413648213231,0.980944386500158,0.49028361726581
24.33697,0.384465375597921,0.464244688870028,1,0.472953067489125
24.35354,0.384000238854004,0.494937124651352,0.96772565270984,0.462271047616277
24.37011,0.377577894690527,0.520569533129413,0.883262405809549,0.454673247304945
24.38667,0.372965812449322,0.5172790913596,0.803077120435493,0.454478665056666
24.40324,0.369932995166349,0.492125154506462,0.713225984572566,0.456126249327145
24.42018,0.356758311176482,0.470155332395377,0.624451310997206,0.470287108835125
24.43642,0.342447499261438,0.462953574961504,0.581403974544176,0.482627624132564
24.45316,0.299273066696838,0.447519067663862,0.510393717476059,0.505153701790884
24.46951,0.264860804686567,0.43080863603309,0.509308888901283,0.517497854139692
24.4865,0.239416567667968,0.427742240500344,0.56692193138529,0.511447619186173
24.50264,0.212922630159718,0.42446888700285,0.677800335766994,0.493231447400963
24.51921,0.193435600560678,0.428930824774957,0.750617710872269,0.480703623957985
24.53577,0.17751409552903,0.483848734613434,0.791375473392418,0.464258696189825
24.55234,0.158803341441798,0.51142540874198,0.795257430657423,0.455104237892256
24.56935,0.130568283959696,0.523776432234558,0.784319904512775,0.446338944091246
24.58547,0.108609429704638,0.527224465849088,0.757595194404627,0.438953911285043
24.60237,0.0997828314256444,0.514508892547045,0.732697123670458,0.439472191105227
24.6186,0.110372549389351,0.488870787978211,0.700704441383003,0.442756448492078
24.63517,0.131987265310227,0.470935696831265,0.674311594000814,0.448613919723003
24.65174,0.162604577196986,0.450915836461437,0.641948006313758,0.459419599342421
24.66831,0.186686403550125,0.434520588520099,0.609400360308103,0.472207471958334
24.68542,0.214072900756161,0.414768444416597,0.561684635592417,0.488850619026143
24.70144,0.249187582106064,0.390865748836574,0.516102314115042,0.502580487946812
24.718,0.277716492868951,0.37324963877291,0.480445198030018,0.510916609686195
24.73457,0.307081392644554,0.352496881390302,0.438412971091689,0.520518425302239
24.75114,0.323590604237773,0.334356730975531,0.408542536992933,0.526795975966365
24.76787,0.339398967899279,0.312774243037004,0.375233558851253,0.534122815950653
24.78427,0.349501549408208,0.293086654628929,0.345747973964115,0.540414914820257
24.80084,0.354391770851012,0.281274861062853,0.324070923805434,0.544410215749887
24.8174,0.356147033496131,0.26659033905031,0.30028556927007,0.548221845585347
24.83397,0.358127007473616,0.252923518589193,0.281461423049679,0.549409342857559
24.85054,0.357551872175394,0.2395946661806,0.266845519295447,0.550489547114364
24.86747,0.354019347174294,0.22865057710893,0.253456670998544,0.551418813739325
24.88367,0.350251110985398,0.220913387142404,0.244803141261971,0.552611766588592
24.90053,0.345932882024979,0.212610385492436,0.234579538292497,0.553240976475552
24.91681,0.341789079343529,0.207833264030896,0.228087299418264,0.553133683460145
24.93337,0.336889429453213,0.201947303565563,0.221109815885907,0.55314277608857
24.95034,0.331376930474628,0.193655694097142,0.216619908417043,0.552669959410507
24.96696,0.32704613025086,0.189414005168253,0.215387275434908,0.553190057756376
24.98323,0.319332088778262,0.184503974922012,0.21170610906292,0.553253706155346
24.99964,0.311918186218124,0.180790123738079,0.211036806086196,0.553690152319712
25.01631,0.299681632755684,0.177602211602178,0.210384235683888,0.554695797023437
25.03277,0.290457468273274,0.174161772775344,0.212255495256315,0.555512315055938
25.04934,0.27944975580321,0.16875618263186,0.215295246275608,0.555732356663805
25.06595,0.267914050272482,0.164651199881522,0.216260158067053,0.556417940846997
25.08253,0.258755884922655,0.163213886309826,0.218268066997227,0.555994224362425
25.09904,0.247897456204861,0.162021504641365,0.219695913347574,0.556112428531941
25.1156,0.239220141678138,0.160872793002163,0.221310606778924,0.555723264035381
25.13217,0.229356414172842,0.159995595023135,0.223070315855229,0.553888371619361
25.14874,0.218571841627224,0.158184238157353,0.223820492941643,0.551766152145133
25.16531,0.210999226867304,0.156369083897722,0.224174665766826,0.550833248468801
25.18216,0.200153369412859,0.155903903151268,0.224966674289283,0.54933478330448
25.19844,0.191989905275531,0.154869113327523,0.224378245422247,0.548134556352474
25.215,0.182099463835618,0.154301402947157,0.22735385490627,0.546827036385062
25.23157,0.175420980181403,0.152759661044625,0.231458913163517,0.54570318751182
25.24814,0.169650770304162,0.152605866593757,0.234922556068068,0.545450412441625
25.26471,0.162417579654667,0.151269183959049,0.238651131400907,0.543991954842371
25.28127,0.157708070122507,0.151871070884052,0.241292089396568,0.543404571046161
25.29784,0.150426165827535,0.152345745115128,0.244170092196485,0.544306559785851
25.31441,0.144212818917237,0.153240031366473,0.247452465544841,0.544597523895428
25.33129,0.139775162955001,0.154740001936671,0.249108990412235,0.543941036123194
25.34755,0.134554945849283,0.154724812361276,0.250071113441277,0.543739179772175
25.36415,0.129396013652392,0.153306485758824,0.251398564345115,0.543711901886902
25.38099,0.125627777463496,0.152440679961343,0.251273070036979,0.544537512547827
25.39749,0.124210367520884,0.152941935949358,0.252463871583069,0.545430408659092
25.41381,0.12209053823864,0.150517299977026,0.252926806141971,0.546061437071737
25.43038,0.121185407277505,0.149509091910222,0.255712779782588,0.54761627653229
25.44715,0.118503013960388,0.148151523609347,0.256396026571328,0.548154560135007
25.4635,0.118118019020321,0.145381324796792,0.257140626132935,0.549942170883222
25.48007,0.117117032176149,0.141783294125242,0.257659335939897,0.549185664198322
25.49664,0.115610051982174,0.141456718254263,0.256624705088375,0.549767592417476
25.5132,0.1133865097773,0.140704834272239,0.255687680920961,0.548229119688087
25.52977,0.111098539847762,0.139301697245181,0.256373716472104,0.547701747239478
25.54634,0.107710584375177,0.138836516498727,0.254806432001607,0.545910499439894
25.5629,0.104756337488136,0.138671329866313,0.254017212241552,0.545103074035818
25.57947,0.102502938532808,0.13688655475747,0.255294465422136,0.54406287734408
25.59604,0.0995078350398826,0.135642908272053,0.255431114779883,0.543330011493082
25.61299,0.0970375817917825,0.134201797306508,0.256931468952709,0.542273448070181
25.62917,0.0953137473050356,0.134978364348548,0.25685896113023,0.542322548263671
25.64574,0.0924364994060078,0.134735331142237,0.257411136086028,0.541927928190058
25.66312,0.092222787929073,0.13485115165462,0.261187120379717,0.541496937602747
25.67887,0.0924317851822519,0.135728349633646,0.26284085648471,0.542222529351005
25.69543,0.0953011760416861,0.135198613191767,0.264251970260638,0.543306370659179
25.712,0.0994858353290213,0.136354919618666,0.266321231963679,0.544239274335511
25.72857,0.102007945038437,0.136457449252578,0.268987288820967,0.546223285857689
25.74514,0.10478619423859,0.136362514406363,0.27110395948486,0.547754484484339
25.7617,0.10477519438316,0.13704984269296,0.272409100289474,0.54781085878057
25.77827,0.106774025255668,0.136888453454394,0.27330150425844,0.549116560222297
25.79484,0.107589585965442,0.138893477406456,0.27402100495842,0.550767781544147
25.8121,0.10732558943511,0.139307393335954,0.274963606650641,0.550976911997906
25.82802,0.104927620951267,0.139379543819077,0.277024502066473,0.551338798609192
25.84488,0.103166072674473,0.139185876732798,0.276887852708725,0.551497010343775
25.86123,0.101423381292703,0.137598566104083,0.278675449409062,0.550227679415744
25.87767,0.101006958194263,0.138128302545963,0.278374263069536,0.55046590628046
25.89424,0.0990976975731177,0.13835234878303,0.277612930933511,0.550385891150327
25.91081,0.0979034275549521,0.138037165093597,0.277651973607152,0.550816881737638
25.92737,0.097876713620335,0.138532724990839,0.27901567842223,0.55098600462633
25.94394,0.0968788695919995,0.139282710275938,0.27976306674624,0.551844348749582
25.96051,0.0950921787885073,0.139592197874599,0.280560652793504,0.55224806145162
25.9775,0.0949036098382708,0.139455491696049,0.281592494882621,0.551757059516709
25.99405,0.0933730585255169,0.139440302120655,0.282716366131039,0.55250629209887
26.01021,0.0911479449127239,0.138720695986345,0.283500008366287,0.552017108689644
26.02677,0.0892323986599034,0.137232117597693,0.284356158424015,0.552729970758107
26.04398,0.0874975643177259,0.136730861609677,0.284950164815858,0.553228246795758
26.0599,0.0844034621259263,0.134970769560851,0.285599946455762,0.55269360024441
26.07651,0.0812732175519978,0.134566347115975,0.285418676899566,0.551753422465339
26.09338,0.0795226691306345,0.134923302137743,0.285892766508079,0.550805970583529
26.10974,0.0770838440409068,0.134492297935927,0.285572058831731,0.549620291837002
26.12628,0.0758550030485311,0.135411267247289,0.286029415865828,0.548932889128126
26.14274,0.0739331711640359,0.134991655227018,0.285689186852659,0.547576268967223
26.15931,0.0722831928494656,0.135105577042476,0.284685232387571,0.54634694560426
26.17587,0.0711329222530217,0.135954294567639,0.284478863969748,0.545490420006692
26.19244,0.0707667842079793,0.134809380322285,0.285195575907324,0.545101255510133
26.20928,0.0702199342522927,0.134049901552565,0.285694764377464,0.544386574915984
26.22557,0.0690413783133135,0.133123337453506,0.285429831949177,0.543608245922866
26.24214,0.0678203943605315,0.132005004965093,0.28427807307673,0.542568049231128
26.25871,0.0674511134996514,0.130898064658225,0.285022672638336,0.541486026448638
26.27828,0.0683751013558111,0.130934139899787,0.285778427249555,0.541049580284272
26.29485,0.068144104391771,0.131188565287643,0.284587625703465,0.541313266508576
26.31144,0.0690743778796054,0.131936651875818,0.285290393829027,0.541515122859595
26.32798,0.0687223825058299,0.132578411436231,0.28413026866937,0.541211429070225
26.34455,0.0687380965850164,0.131387928464695,0.284085648470922,0.54139328163871
26.36139,0.0700832217633715,0.132010701055866,0.284855346894155,0.542066136142107
26.37796,0.0723193352315944,0.132677143676295,0.285393578037938,0.54328818540233
26.39438,0.0762792831865636,0.133100553090414,0.282760986329487,0.545234007885128
26.41081,0.0800648048625646,0.133691047833872,0.279503711842758,0.547119819020324
26.42738,0.0844678898505904,0.132172090294431,0.27652252483393,0.549794870302748
26.44395,0.0889165456682569,0.132145508537491,0.274472784467709,0.55339009558171
26.46077,0.0935679131074281,0.132779673310207,0.273005895443721,0.556410666744257
26.47708,0.0989939846504877,0.131562608581731,0.269804396205052,0.559071169821203
26.49371,0.103750636420207,0.131710706941826,0.267269411180706,0.560926066019757
26.51022,0.110777972632359,0.131718301729523,0.266477402658248,0.563462909350131
26.52693,0.1168263217112,0.132274619928344,0.264960315911006,0.56564150312059
26.54354,0.122726958445689,0.132342973017619,0.264581044224194,0.567785544903036
26.56011,0.131539414053415,0.133884714920151,0.262545247669989,0.570911590555305
26.57648,0.140757292904151,0.134856847745393,0.262444852223481,0.574023088002095
26.59339,0.158661914729121,0.138255515239891,0.260830158792132,0.577310982440316
26.60972,0.181461472220651,0.142244677477847,0.260185954677033,0.581659077352809
26.62618,0.20250733847498,0.144420584153096,0.259544539324339,0.585096090897188
26.64275,0.22890856291603,0.145914858632521,0.255829907803515,0.588842253807993
26.65934,0.249918286788231,0.147735708982925,0.252463871583069,0.591455475217132
26.6762,0.278151772862414,0.150323632890747,0.249061581451384,0.594801562477268
26.69245,0.30479970834669,0.150530590855496,0.246521018902232,0.597276575934359
26.70902,0.342150503164816,0.152220431118124,0.243191236593025,0.602417548045449
26.72627,0.382595400174741,0.155750108700399,0.241024368205878,0.60886967717532
26.74215,0.41530111318537,0.156912111218072,0.238592567390444,0.613903356271004
26.75872,0.452919047349664,0.158788023779281,0.235524928747121,0.619777194233092
26.77528,0.48113681934466,0.16018736341249,0.232125427377838,0.624569009412689
26.79195,0.515703079330957,0.164421457553681,0.229247424577921,0.632048605554505
26.80842,0.538598492705524,0.164634111609203,0.227523969412854,0.635840231607431
26.82499,0.553814435581703,0.165849277640755,0.225041970874166,0.639319071242562
26.84155,0.569130948564676,0.165860669822301,0.222336871343235,0.644109067896475
26.85851,0.577723407063792,0.167503042661821,0.21885091833946,0.647684289392903
26.87512,0.588330410514605,0.168385936731622,0.215395641722117,0.651821435325952
26.89216,0.59485803900863,0.16865934908872,0.214054247006264,0.655934940425098
26.90782,0.595049750774704,0.169496674432337,0.213117222838849,0.659195556978047
26.92439,0.597923855857894,0.169595406672401,0.211285005940064,0.662781689628584
26.94095,0.600467965278171,0.169232755559859,0.209879469688941,0.665273069816838
26.95752,0.602132086264009,0.169887805998744,0.208504609824252,0.668000858344123
26.97409,0.602282941424198,0.171556760595204,0.207322174565372,0.670855943669349
26.99065,0.602067658539345,0.172010549160112,0.207157637583593,0.672405327552847
27.00772,0.603505496784899,0.17168777068298,0.206192725792148,0.674607562157208
27.02378,0.603164501266555,0.171556760595204,0.205319843160003,0.676224231491046
27.04035,0.602212228067859,0.169673253246297,0.203060945613556,0.678401006735819
27.05692,0.601589950532079,0.169270729498346,0.202572912193027,0.679583048430976
27.07349,0.60134638230469,0.167725190201964,0.203041424276735,0.680257721460058
27.09006,0.602403939833934,0.167472663511033,0.202681673926745,0.680836012627842
27.10711,0.602603508639601,0.166770145649041,0.202213161843038,0.682219910674019
27.12348,0.60396591930506,0.165106887143354,0.201990060850796,0.682521785937705
27.13975,0.605373900800161,0.163603119179307,0.202439051597682,0.683743835197928